   7453 1313
   7278 1773
   4696 1280
   3163 562
   2019 287
   1970 90370
   1257 470
   1211 1639
   1203 573
    945 624
    866 1307
    778 1496
    759 197
    724 485
    711 195
    658 550
    615 487
    604 670
    575 1311
    565 520
    493 446
    489 28450
    447 1185650
    383 1352
    364 85569
    311 1282
    308 1283
    300 1765
    292 666
    284 28901
    284 101571
    272 615
    236 90371
    231 148942
    230 95486
    225 210
    189 36809
    164 1396
    157 1590
    151 1247
    142 149539
    133 1491
    132 630
    132 54388
    127 72407
    127 35802
    126 1351
    121 46170
    119 59201
    117 57743
    114 1392
    112 64187
    111 40324
    109 727
    107 548
    106 571
     94 611
     94 48296
     91 1620419
     91 1314
     87 47715
     87 292
     87 192955
     82 985002
     81 294
     71 143221
     69 173
     65 90105
     65 1423
     64 1717
     64 1503054
     63 139
     59 813
     59 127906
     58 29486
     57 546
     57 2340
     56 28141
     56 2209
     56 1719
     55 381
     53 584
     51 621
     51 434928
     49 61645
     47 747
     47 379347
     47 305
     47 2285
     45 75985
     45 1196095
     44 439334
     43 1505
     42 1428
     41 1774
     40 480
     40 303
     40 1502
     39 644
     39 60552
     38 672
     38 623
     38 595
     38 263
     37 2104
     36 59620
     36 596
     36 299766
     36 29385
     36 28037
     36 161
     36 1390
     35 442694
     35 257758
     34 632
     34 456327
     34 319705
     33 492670
     33 301102
     33 1503055
     33 13373
     32 633
     32 1408
     32 134375
     31 235
     31 189426
     31 1747
     31 1402
     31 1360
     30 87883
     29 654
     28 817
     28 730
     28 132474
     28 108619
     27 85698
     27 55601
     27 44283
     27 317013
     27 29459
     27 208962
     26 244366
     26 149385
     26 1304
     26 1303
     25 96345
     25 28903
     24 669
     24 668
     24 28147
     23 340190
     22 686
     22 611301
     22 38289
     22 34105
     22 32022
     22 216816
     22 1685
     22 1509
     22 1335
     21 29484
     21 198252
     21 1318
     21 1302
     21 1290
     21 106654
     20 91891
     20 83334
     20 729
     20 663
     20 34085
     20 29491
     20 1117645
     19 98360
     19 58097
     19 544580
     19 343
     19 33892
     19 32019
     19 28150
     19 1681
     19 1655
     19 165186
     19 159
     19 1507806
     19 1406
     18 738
     18 553
     18 43675
     18 339
     18 246432
     18 1766
     18 1744
     18 143387
     18 1238
     17 86662
     17 545
     17 358
     17 238
     17 180957
     17 1718
     17 1679
     17 1598
     17 135461
     16 83262
     16 731
     16 680
     16 631
     16 61435
     16 43306
     16 317
     16 316
     16 29575
     16 285
     16 237610
     16 1405
     16 1359
     15 598
     15 42897
     15 385966
     15 38323
     15 35818
     15 339268
     15 29447
     15 2702
     15 211759
     15 1580
     15 148814
     15 1308
     15 119602
     14 837
     14 750
     14 582
     14 47770
     14 336306
     14 28108
     14 216495
     14 1520
     13 83333
     13 818
     13 80854
     13 648
     13 44008
     13 396
     13 380021
     13 36773
     13 28144
     13 2371
     13 169292
     13 1682
     13 1606
     13 1597
     13 1296536
     13 1270
     12 90270
     12 661
     12 61647
     12 555
     12 488732
     12 321
     12 315405
     12 29388
     12 28183
     12 28152
     12 1911136
     12 1613
     12 1587
     12 1421
     12 1392869
     12 1292
     12 115545
     11 820
     11 67263
     11 65058
     11 600
     11 549
     11 451644
     11 373
     11 33970
     11 301451
     11 29497
     11 2756
     11 1930
     11 1770
     11 1398
     11 129394
     11 1288
     11 115981
     11 111105
     10 948
     10 83554
     10 777
     10 765821
     10 59814
     10 58712
     10 561879
     10 54291
     10 511145
     10 37923
     10 267135
     10 246167
     10 2098
     10 192954
     10 174
     10 1582
     10 1525
     10 1492
     10 1348
     10 1305
     10 1296
     10 1254
     10 103796
      9 971
      9 644335
      9 587753
      9 58096
      9 58095
      9 57975
      9 54121
      9 35703
      9 34073
      9 299767
      9 29461
      9 29382
      9 28026
      9 2103
      9 1833
      9 1768
      9 165302
      9 1585
      9 1481663
      9 1422
      9 1328
      9 1295
      9 1207504
      9 1201292
      9 1173779
      8 930
      8 83560
      8 758
      8 67257
      8 66269
      8 588
      8 576611
      8 56459
      8 56
      8 544718
      8 442
      8 413503
      8 384
      8 359
      8 33060
      8 33010
      8 318456
      8 283734
      8 28184
      8 28038
      8 2096
      8 208224
      8 179879
      8 1790
      8 172045
      8 1680
      8 165185
      8 1599
      8 158836
      8 1432052
      8 1404
      8 137591
      8 119857
      7 930166
      7 913074
      7 83558
      7 82996
      7 821
      7 80852
      7 726
      7 714549
      7 696485
      7 649756
      7 644332
      7 59511
      7 569
      7 536
      7 51663
      7 47500
      7 471
      7 42234
      7 412384
      7 379893
      7 36855
      7 363569
      7 336810
      7 314275
      7 29562
      7 29559
      7 29397
      7 28116
      7 251747
      7 251722
      7 222
      7 1812935
      7 1769
      7 1648923
      7 1579
      7 1513
      7 1354
      7 134874
      7 1346
      7 1160769
      6 906888
      6 875328
      6 853
      6 823
      6 779
      6 76759
      6 715
      6 710393
      6 622
      6 59893
      6 57045
      6 556287
      6 539
      6 52133
      6 512402
      6 486998
      6 486
      6 47951
      6 47879
      6 46541
      6 43687
      6 43657
      6 397448
      6 386891
      6 37734
      6 376620
      6 375175
      6 364410
      6 34021
      6 33039
      6 321846
      6 32020
      6 29581
      6 293386
      6 285575
      6 28198
      6 28188
      6 28182
      6 28110
      6 28095
      6 2754
      6 224308
      6 222805
      6 2047
      6 190893
      6 1894
      6 189385
      6 1827136
      6 178901
      6 1780
      6 1756149
      6 1697390
      6 169679
      6 1686310
      6 1674924
      6 1606016
      6 1596
      6 1561004
      6 149391
      6 1463165
      6 1463164
      6 1426
      6 13690
      6 1309
      6 119856
      6 1089444
      6 1038927
      5 996
      5 97478
      5 959
      5 93220
      5 93218
      5 91892
      5 88431
      5 839
      5 69218
      5 676
      5 67281
      5 66976
      5 645170
      5 644346
      5 636
      5 59204
      5 587
      5 58340
      5 575
      5 56689
      5 56460
      5 56448
      5 547163
      5 53707
      5 53408
      5 53346
      5 529
      5 518642
      5 518
      5 47878
      5 43767
      5 436
      5 40520
      5 40215
      5 385969
      5 375
      5 37372
      5 35841
      5 35817
      5 35806
      5 33069
      5 33059
      5 329
      5 328971
      5 323
      5 31998
      5 319
      5 318
      5 29488
      5 29485
      5 292800
      5 285458
      5 28142
      5 28112
      5 270351
      5 253
      5 227946
      5 211968
      5 2033
      5 198620
      5 189381
      5 183795
      5 1818881
      5 178606
      5 1778
      5 1748
      5 170623
      5 1697389
      5 1660067
      5 1624
      5 158822
      5 1580831
      5 157782
      5 1573941
      5 1561
      5 152331
      5 1519
      5 1478
      5 1451
      5 1363
      5 1358
      5 134875
      5 1265
      5 1262449
      5 1255
      5 1231
      5 1227812
      5 1219067
      5 1219
      5 1193534
      5 1148
      5 106592
      5 100053
      4 986
      4 948102
      4 91890
      4 916
      4 915
      4 907
      4 86265
      4 85991
      4 85581
      4 83655
      4 83555
      4 83332
      4 80869
      4 76860
      4 74704
      4 732
      4 72557
      4 72000
      4 69974
      4 69395
      4 68170
      4 659
      4 656
      4 648995
      4 645
      4 604330
      4 585
      4 57704
      4 573658
      4 566552
      4 564
      4 547043
      4 518634
      4 512643
      4 511
      4 488447
      4 487909
      4 484
      4 482957
      4 481446
      4 47917
      4 470934
      4 467085
      4 451
      4 43304
      4 410072
      4 40480
      4 398
      4 39491
      4 39485
      4 385967
      4 38313
      4 382
      4 37919
      4 37332
      4 367190
      4 360920
      4 360807
      4 34062
      4 340021
      4 340
      4 33959
      4 33934
      4 33894
      4 334542
      4 33043
      4 323656
      4 323655
      4 311410
      4 300
      4 299583
      4 29570
      4 29495
      4 29489
      4 29483
      4 29471
      4 29448
      4 293387
      4 29311
      4 28452
      4 28200
      4 28034
      4 28025
      4 273677
      4 264
      4 244328
      4 243274
      4 235272
      4 2287
      4 227377
      4 224914
      4 2148
      4 204722
      4 201
      4 200450
      4 197614
      4 196024
      4 195709
      4 1938
      4 192421
      4 1911
      4 1896
      4 1888
      4 1829
      4 180282
      4 1756150
      4 1705
      4 170187
      4 1661
      4 1657
      4 162156
      4 1578720
      4 154288
      4 1531
      4 149387
      4 1487582
      4 146819
      4 1452
      4 1353
      4 1343
      4 1331258
      4 132476
      4 129138
      4 1263550
      4 1245
      4 123899
      4 119219
      4 1134687
      4 1121865
      4 1121864
      4 1121342
      4 1121088
      4 108980
      4 104102
      4 104087
      3 981334
      3 957042
      3 94625
      3 92945
      3 92828
      3 920
      3 91844
      3 913076
      3 89065
      3 888027
      3 882211
      3 866789
      3 86664
      3 84531
      3 84024
      3 83964
      3 83963
      3 82380
      3 80866
      3 79880
      3 797209
      3 795797
      3 784
      3 78398
      3 774
      3 76857
      3 768486
      3 76832
      3 766224
      3 759620
      3 756892
      3 75588
      3 74426
      3 71999
      3 714
      3 708126
      3 706570
      3 703342
      3 70255
      3 702114
      3 69929
      3 691
      3 69
      3 68239
      3 68042
      3 674
      3 67373
      3 67356
      3 667127
      3 66712
      3 666685
      3 66370
      3 656366
      3 653930
      3 652
      3 651
      3 644357
      3 626937
      3 614
      3 61015
      3 60550
      3 60549
      3 59843
      3 594
      3 57706
      3 575584
      3 573066
      3 570156
      3 566546
      3 561180
      3 554
      3 553611
      3 55208
      3 546365
      3 54571
      3 540747
      3 536227
      3 53354
      3 526977
      3 523841
      3 520456
      3 518635
      3 51665
      3 505345
      3 505341
      3 504487
      3 50340
      3 500634
      3 497725
      3 488731
      3 487514
      3 487316
      3 47885
      3 47883
      3 478433
      3 478
      3 47763
      3 47312
      3 469008
      3 46680
      3 464
      3 45972
      3 45658
      3 45634
      3 454171
      3 45262
      3 44577
      3 44574
      3 443255
      3 441162
      3 440524
      3 439853
      3 438744
      3 438
      3 43658
      3 43263
      3 431269
      3 42858
      3 427683
      3 42322
      3 421
      3 420889
      3 419947
      3 412614
      3 40214
      3 393921
      3 391904
      3 390333
      3 385968
      3 379097
      3 371601
      3 36874
      3 368603
      3 363952
      3 360118
      3 357276
      3 347
      3 34038
      3 33967
      3 33964
      3 33941
      3 33910
      3 338187
      3 337330
      3 336988
      3 33051
      3 33050
      3 33038
      3 329854
      3 322505
      3 321662
      3 318683
      3 29466
      3 29430
      3 29363
      3 28189
      3 28131
      3 28129
      3 28052
      3 280505
      3 28035
      3 28031
      3 279058
      3 2751
      3 272943
      3 271420
      3 260554
      3 246787
      3 246196
      3 240427
      3 235205
      3 233316
      3 226185
      3 221126
      3 220697
      3 216778
      3 2162
      3 214675
      3 211880
      3 200451
      3 199
      3 196367
      3 1961
      3 193462
      3 192
      3 1907766
      3 1906
      3 189382
      3 1892
      3 1890
      3 187452
      3 187304
      3 1830
      3 1806667
      3 1795
      3 178900
      3 1772
      3 1767
      3 1765683
      3 1736
      3 1712031
      3 1684
      3 1675530
      3 1665556
      3 1664069
      3 1654388
      3 1642
      3 163011
      3 1630
      3 1628856
      3 1628855
      3 1623
      3 161879
      3 1614
      3 1612
      3 160808
      3 160660
      3 1605993
      3 1579424
      3 155865
      3 155864
      3 155515
      3 153496
      3 1522
      3 1507808
      3 150340
      3 1501
      3 1488
      3 1482
      3 1473
      3 1469144
      3 146827
      3 1455
      3 145458
      3 1437605
      3 1437453
      3 1437360
      3 1428452
      3 1423798
      3 1423783
      3 1423721
      3 1393
      3 1385755
      3 1380763
      3 13689
      3 136468
      3 1348623
      3 1341692
      3 1338
      3 1336
      3 132144
      3 1297617
      3 129139
      3 1287055
      3 1286
      3 1283291
      3 1274
      3 1267
      3 1261
      3 1246
      3 1244531
      3 123834
      3 1236518
      3 1236046
      3 122355
      3 1217420
      3 1214102
      3 1196083
      3 1194427
      3 1192839
      3 1158459
      3 1150461
      3 1150460
      3 1150423
      3 1150298
      3 1138189
      3 1123317
      3 1122992
      3 1122985
      3 1122984
      3 1122148
      3 1121308
      3 1121126
      3 1121098
      3 1114972
      3 1108595
      3 1104602
      3 1082705
      3 1079
      3 1074919
      3 1074000
      3 106648
      3 106590
      3 1061
      3 105219
      3 1038844
      3 1001714
      3 1000570
      2 999415
      2 999414
      2 997877
      2 996801
      2 993073
      2 993071
      2 993070
      2 991789
      2 990271
      2 990268
      2 989403
      2 987059
      2 985762
      2 985079
      2 985054
      2 983920
      2 983594
      2 981336
      2 981333
      2 981331
      2 981327
      2 979556
      2 979
      2 964
      2 955
      2 95485
      2 948756
      2 946677
      2 943816
      2 941770
      2 941322
      2 940265
      2 938405
      2 936157
      2 936140
      2 935590
      2 935546
      2 933944
      2 933093
      2 931276
      2 930946
      2 930942
      2 929558
      2 928856
      2 92826
      2 926570
      2 92647
      2 926027
      2 925775
      2 917
      2 913848
      2 911092
      2 911008
      2 909420
      2 908937
      2 905
      2 903983
      2 901
      2 897
      2 891974
      2 889247
      2 889204
      2 889201
      2 888833
      2 888828
      2 888807
      2 888727
      2 888064
      2 888063
      2 887700
      2 887327
      2 886293
      2 884204
      2 883169
      2 882095
      2 880073
      2 876138
      2 876091
      2 876
      2 87541
      2 875330
      2 874156
      2 872965
      2 871203
      2 86841
      2 86840
      2 86668
      2 864564
      2 862422
      2 86185
      2 86176
      2 86103
      2 86102
      2 85963
      2 85962
      2 85831
      2 851
      2 85085
      2 84590
      2 84292
      2 84029
      2 84022
      2 838561
      2 83771
      2 83684
      2 83617
      2 83552
      2 83378
      2 83331
      2 831
      2 82803
      2 82689
      2 82367
      2 82135
      2 81857
      2 81569
      2 79885
      2 797419
      2 797304
      2 797303
      2 796606
      2 79604
      2 78544
      2 783
      2 77095
      2 76936
      2 76859
      2 76856
      2 76853
      2 76761
      2 76760
      2 76758
      2 76636
      2 762984
      2 759851
      2 758831
      2 755896
      2 754774
      2 754502
      2 754436
      2 754256
      2 754093
      2 752789
      2 752555
      2 75105
      2 749509
      2 74829
      2 745277
      2 743973
      2 743968
      2 742767
      2 74031
      2 728005
      2 728
      2 722472
      2 722438
      2 716544
      2 713604
      2 70775
      2 703
      2 702447
      2 702444
      2 699431
      2 699248
      2 697329
      2 69499
      2 693978
      2 69219
      2 68895
      2 686597
      2 68570
      2 684063
      2 682956
      2 68260
      2 68249
      2 68223
      2 68194
      2 67780
      2 675816
      2 67385
      2 67352
      2 67351
      2 67275
      2 669502
      2 66874
      2 66858
      2 665953
      2 659243
      2 658457
      2 655813
      2 65497
      2 653940
      2 652620
      2 652616
      2 650
      2 649758
      2 649754
      2 646
      2 645462
      2 644107
      2 637679
      2 634177
      2 634176
      2 634
      2 633417
      2 633147
      2 630626
      2 627343
      2 621456
      2 619304
      2 61652
      2 616
      2 611304
      2 611303
      2 611302
      2 608538
      2 60547
      2 60520
      2 605
      2 60137
      2 600645
      2 59736
      2 59561
      2 595495
      2 59374
      2 59310
      2 59196
      2 589873
      2 588898
      2 587851
      2 585528
      2 585524
      2 585520
      2 58343
      2 582680
      2 582475
      2 580047
      2 577
      2 576117
      2 574375
      2 573395
      2 573061
      2 573024
      2 572545
      2 572264
      2 570416
      2 568706
      2 568703
      2 565664
      2 565655
      2 56458
      2 562971
      2 56192
      2 561275
      2 561176
      2 558964
      2 558537
      2 558173
      2 557436
      2 556264
      2 556
      2 555311
      2 554344
      2 553239
      2 55207
      2 551990
      2 548476
      2 547559
      2 547042
      2 546271
      2 546265
      2 546263
      2 545123
      2 54398
      2 543877
      2 543736
      2 54062
      2 539329
      2 538381
      2 538025
      2 537970
      2 537210
      2 537209
      2 536056
      2 53501
      2 53444
      2 53442
      2 53345
      2 529704
      2 528354
      2 528352
      2 528244
      2 52773
      2 52767
      2 527021
      2 527005
      2 526980
      2 525365
      2 525362
      2 525338
      2 525330
      2 525328
      2 525309
      2 525271
      2 525256
      2 523796
      2 520488
      2 520487
      2 520466
      2 520465
      2 520461
      2 520457
      2 520455
      2 520454
      2 520452
      2 520450
      2 520141
      2 520140
      2 519
      2 517719
      2 51669
      2 515617
      2 515616
      2 515615
      2 512314
      2 50960
      2 507754
      2 504832
      2 504798
      2 504728
      2 504
      2 502801
      2 502800
      2 502682
      2 501024
      2 49338
      2 492774
      2 491075
      2 488446
      2 487698
      2 487521
      2 48664
      2 485917
      2 48408
      2 483937
      2 480520
      2 480418
      2 47920
      2 479117
      2 47884
      2 47877
      2 47853
      2 478434
      2 47716
      2 477
      2 47678
      2 47466
      2 473422
      2 472175
      2 469606
      2 469603
      2 469599
      2 469382
      2 46677
      2 466
      2 465820
      2 465541
      2 465515
      2 46506
      2 464029
      2 463025
      2 46256
      2 459472
      2 458253
      2 458197
      2 457428
      2 457425
      2 457405
      2 456298
      2 456163
      2 456
      2 455434
      2 455
      2 454957
      2 453
      2 45243
      2 451709
      2 45071
      2 449
      2 447
      2 44688
      2 446692
      2 445973
      2 445709
      2 444444
      2 443150
      2 443149
      2 44276
      2 44252
      2 441163
      2 441157
      2 441156
      2 439481
      2 439184
      2 437900
      2 437752
      2 43770
      2 43765
      2 43678
      2 43662
      2 43659
      2 436515
      2 436113
      2 435897
      2 434924
      2 430522
      2 42817
      2 428128
      2 426716
      2 42565
      2 424720
      2 424717
      2 42354
      2 423368
      2 42236
      2 421072
      2 419479
      2 419109
      2 41899
      2 418240
      2 418223
      2 417400
      2 417368
      2 416943
      2 412690
      2 408
      2 407035
      2 405948
      2 404941
      2 40479
      2 40216
      2 401614
      2 401562
      2 400946
      2 40041
      2 39960
      2 398513
      2 398512
      2 398199
      2 39693
      2 395598
      2 395095
      2 395019
      2 39488
      2 394098
      2 393011
      2 392734
      2 392416
      2 391
      2 390640
      2 390236
      2 388950
      2 386656
      2 386
      2 385682
      2 38301
      2 382503
      2 381306
      2 379597
      2 378806
      2 377628
      2 37762
      2 376733
      2 376219
      2 376
      2 375451
      2 37329
      2 371196
      2 370622
      2 370552
      2 369822
      2 36875
      2 366649
      2 362413
      2 361279
      2 361101
      2 360922
      2 360921
      2 360911
      2 360411
      2 360102
      2 360099
      2 359391
      2 359110
      2 358396
      2 35799
      2 35754
      2 354242
      2 350701
      2 349966
      2 349746
      2 345076
      2 345073
      2 343013
      2 342616
      2 342451
      2 34086
      2 34059
      2 340188
      2 340184
      2 34004
      2 339670
      2 33966
      2 33936
      2 33903
      2 338188
      2 336982
      2 334735
      2 333849
      2 332950
      2 332949
      2 332524
      2 332411
      2 332186
      2 331978
      2 331636
      2 331111
      2 33053
      2 330
      2 327160
      2 322866
      2 322
      2 320483
      2 320389
      2 32002
      2 319939
      2 319653
      2 31963
      2 317619
      2 316435
      2 316407
      2 316273
      2 314723
      2 313624
      2 313590
      2 311180
      2 310780
      2 309800
      2 307486
      2 303541
      2 302912
      2 302911
      2 301375
      2 301302
      2 301
      2 298
      2 296995
      2 296591
      2 296
      2 29561
      2 29542
      2 29536
      2 29519
      2 29507
      2 295068
      2 294671
      2 29423
      2 29339
      2 29332
      2 293050
      2 290336
      2 289377
      2 289370
      2 288768
      2 288681
      2 287752
      2 28447
      2 28445
      2 28444
      2 284037
      2 283166
      2 28229
      2 282199
      2 282197
      2 28125
      2 28115
      2 28090
      2 280871
      2 280333
      2 279360
      2 279113
      2 279010
      2 277988
      2 277
      2 2746
      2 2743
      2 273678
      2 273123
      2 272568
      2 272563
      2 272560
      2 272556
      2 271848
      2 270498
      2 269801
      2 269798
      2 267818
      2 267128
      2 266809
      2 266749
      2 266748
      2 266
      2 265726
      2 265668
      2 264697
      2 264457
      2 264455
      2 264451
      2 264450
      2 263819
      2 261654
      2 261591
      2 260799
      2 260680
      2 259315
      2 257438
      2 255247
      2 255205
      2 254945
      2 254161
      2 252514
      2 252393
      2 251721
      2 251720
      2 251703
      2 249567
      2 249352
      2 249265
      2 244292
      2 243924
      2 243277
      2 243276
      2 243273
      2 243230
      2 243161
      2 242606
      2 240302
      2 240016
      2 239935
      2 237258
      2 236814
      2 235985
      2 235277
      2 234826
      2 2336
      2 229921
      2 229920
      2 228399
      2 227882
      2 224911
      2 223900
      2 2234
      2 222984
      2 221822
      2 220714
      2 2198
      2 219572
      2 218284
      2 2177
      2 217031
      2 216946
      2 216804
      2 216599
      2 216389
      2 214856
      2 214092
      2 213810
      2 212663
      2 211114
      2 211
      2 208964
      2 208480
      2 2074
      2 2065
      2 205913
      2 2055
      2 2045
      2 202956
      2 202752
      2 200452
      2 1996
      2 1993
      2 199201
      2 199198
      2 198215
      2 197701
      2 197575
      2 196627
      2 196164
      2 1957
      2 195088
      2 194963
      2 1943
      2 1935
      2 193461
      2 1927
      2 191391
      2 191292
      2 1911135
      2 190895
      2 190721
      2 1905
      2 1893
      2 1886
      2 1884351
      2 187330
      2 1869312
      2 1869309
      2 1867261
      2 1867258
      2 186490
      2 186189
      2 1861
      2 1852
      2 185008
      2 1828
      2 1817754
      2 1807
      2 180332
      2 1801990
      2 1801
      2 1798192
      2 1796
      2 1792290
      2 1787
      2 1783
      2 1774273
      2 177416
      2 1763538
      2 1763536
      2 1763535
      2 1763534
      2 1761891
      2 1741
      2 1727
      2 1725326
      2 171693
      2 1710
      2 1705578
      2 1703
      2 1702221
      2 1698521
      2 169669
      2 1695
      2 1689
      2 1687
      2 168469
      2 1683
      2 1679444
      2 1679166
      2 1674146
      2 1671634
      2 1671631
      2 1666912
      2 1666906
      2 166486
      2 1658779
      2 1653334
      2 1652545
      2 1648056
      2 1648
      2 1647556
      2 164348
      2 1640
      2 1638
      2 1633785
      2 163
      2 1629
      2 162426
      2 162209
      2 1619077
      2 161896
      2 1610493
      2 160799
      2 1605
      2 1604004
      2 1600
      2 1598147
      2 158627
      2 158500
      2 1583
      2 1578165
      2 1575
      2 1572645
      2 1561003
      2 1560201
      2 155920
      2 1549858
      2 154981
      2 154046
      2 1538
      2 1536772
      2 1526658
      2 1526
      2 152263
      2 1518501
      2 1516
      2 1513890
      2 1513354
      2 1512
      2 151081
      2 1507980
      2 1504822
      2 1499689
      2 1499685
      2 1499684
      2 1499683
      2 1499682
      2 1497681
      2 1492737
      2 1484
      2 1480675
      2 1479239
      2 1479237
      2 1479235
      2 147467
      2 146820
      2 1465
      2 1464079
      2 1464077
      2 1464056
      2 1463935
      2 1462
      2 1461581
      2 1461579
      2 1458307
      2 1455315
      2 1453496
      2 1449341
      2 1449336
      2 1441930
      2 1441
      2 1440774
      2 1437877
      2 1437611
      2 1437610
      2 1437609
      2 1437608
      2 1437607
      2 1437606
      2 1437603
      2 1434110
      2 143224
      2 1429083
      2 1423959
      2 1423828
      2 1423823
      2 1423810
      2 1423804
      2 1423803
      2 1423802
      2 1423801
      2 1423795
      2 1423786
      2 1423785
      2 1423784
      2 1423782
      2 1423781
      2 1423780
      2 1423776
      2 1423775
      2 1423772
      2 1423769
      2 1423768
      2 1423766
      2 1423765
      2 1423764
      2 1423745
      2 1423744
      2 1423742
      2 1423736
      2 1423733
      2 1423730
      2 1423717
      2 1423714
      2 1423144
      2 1421338
      2 1421011
      2 1414647
      2 1412834
      2 1412830
      2 1410657
      2 1410647
      2 1410646
      2 1410645
      2 1410605
      2 1409926
      2 1409922
      2 1409
      2 140626
      2 1402860
      2 1402135
      2 1401257
      2 1398991
      2 1398949
      2 1397108
      2 139208
      2 1392063
      2 1391726
      2 1381081
      2 1381
      2 138074
      2 1379858
      2 1379159
      2 1378093
      2 1376
      2 1365218
      2 136273
      2 1358420
      2 135735
      2 1355477
      2 1355015
      2 1353886
      2 1350466
      2 1349819
      2 1349767
      2 1346286
      2 1345695
      2 134537
      2 134534
      2 134533
      2 1343064
      2 1342299
      2 1341695
      2 1341694
      2 1341683
      2 1341679
      2 1341656
      2 1341643
      2 1341154
      2 134047
      2 1334
      2 1333534
      2 132919
      2 1326980
      2 132473
      2 1322345
      2 1321940
      2 1321939
      2 1320322
      2 1307444
      2 1307443
      2 1307442
      2 1307428
      2 1307427
      2 1306421
      2 1306420
      2 1306419
      2 1306418
      2 1306417
      2 1306174
      2 1305855
      2 1305737
      2 1305731
      2 1305598
      2 1303690
      2 1303689
      2 1303685
      2 1303683
      2 1302690
      2 1302689
      2 1302272
      2 1300350
      2 1300348
      2 1300343
      2 1300143
      2 1299331
      2 1299330
      2 1299329
      2 1299328
      2 1299326
      2 1299325
      2 1298881
      2 1298600
      2 1298599
      2 129817
      2 1297793
      2 1297124
      2 1297123
      2 1295136
      2 1294274
      2 1294265
      2 1294264
      2 1293598
      2 1293597
      2 1293592
      2 129338
      2 1291743
      2 1291734
      2 129137
      2 129136
      2 1291052
      2 1291050
      2 1291048
      2 128944
      2 1288385
      2 128780
      2 1286350
      2 1286343
      2 1286170
      2 1281
      2 1276
      2 1273540
      2 1269942
      2 1267003
      2 1267001
      2 1267000
      2 1266923
      2 1265739
      2 1264
      2 1263871
      2 1261556
      2 1261545
      2 1261129
      2 1249658
      2 1249468
      2 1245436
      2 1245029
      2 1242253
      2 1241616
      2 1241583
      2 1239881
      2 1238180
      2 1236976
      2 1236974
      2 1236973
      2 1236971
      2 1236970
      2 1236944
      2 1236544
      2 1236543
      2 1235990
      2 1235834
      2 1235811
      2 1234597
      2 1234555
      2 1234142
      2 1232659
      2 1230341
      2 1229493
      2 1226633
      2 1226285
      2 1225786
      2 1224744
      2 1224742
      2 1223522
      2 1223515
      2 1223509
      2 1221500
      2 1221451
      2 1220591
      2 1220589
      2 1220574
      2 1220495
      2 1219077
      2 1219076
      2 1219071
      2 1219061
      2 1219058
      2 1219045
      2 1219030
      2 1219015
      2 1219013
      2 1218102
      2 1217721
      2 121719
      2 1216976
      2 1216967
      2 1215115
      2 1215110
      2 1215102
      2 1215087
      2 1214179
      2 1210520
      2 1210454
      2 1210082
      2 1208324
      2 1207542
      2 1206109
      2 1203599
      2 1202962
      2 1202768
      2 1202724
      2 1198700
      2 1198449
      2 1195885
      2 1194404
      2 1193532
      2 1193095
      2 1192560
      2 1191460
      2 1190813
      2 1188256
      2 1188246
      2 1185766
      2 1185653
      2 1178825
      2 1178537
      2 1178482
      2 1176492
      2 1176165
      2 1175631
      2 117541
      2 1172205
      2 1172204
      2 1171378
      2 1169664
      2 1169205
      2 1168289
      2 1168034
      2 1167641
      2 1167629
      2 1165867
      2 1163395
      2 1160721
      2 1160719
      2 1159613
      2 1159554
      2 1159491
      2 1158653
      2 115862
      2 1158614
      2 1158612
      2 1158610
      2 1158609
      2 1158608
      2 1158607
      2 1158606
      2 1158604
      2 1158603
      2 1158602
      2 1158601
      2 1158600
      2 1158598
      2 1156937
      2 1154758
      2 1150773
      2 1148157
      2 114186
      2 1141657
      2 1141647
      2 114136
      2 114090
      2 1140003
      2 1140002
      2 1140001
      2 1139996
      2 1139219
      2 1138939
      2 1138938
      2 1138937
      2 1136163
      2 1133569
      2 1132509
      2 1130828
      2 1130798
      2 1129794
      2 1125725
      2 1124926
      2 1123501
      2 1123500
      2 1123384
      2 1123367
      2 1123366
      2 1123288
      2 1123258
      2 1123057
      2 1123034
      2 1123016
      2 1122924
      2 1122618
      2 1122247
      2 1122219
      2 1122180
      2 1122169
      2 1122154
      2 1122153
      2 1122152
      2 1122151
      2 1122147
      2 1122146
      2 1121939
      2 1121910
      2 1121899
      2 1121898
      2 1121895
      2 1121877
      2 1121477
      2 1121451
      2 1121448
      2 1121428
      2 1121405
      2 1121362
      2 1121353
      2 1121335
      2 1121326
      2 1121324
      2 1121315
      2 1121114
      2 1121112
      2 1121111
      2 1121110
      2 1121109
      2 1121108
      2 1121107
      2 1121101
      2 1121028
      2 1121022
      2 1121015
      2 1121013
      2 1120929
      2 1120928
      2 1120927
      2 1120925
      2 1120924
      2 1120923
      2 1120746
      2 1117647
      2 1117322
      2 1116234
      2 1114964
      2 1114856
      2 1112267
      2 1112254
      2 1112252
      2 1112250
      2 1107311
      2 110505
      2 1104682
      2 1100721
      2 109790
      2 1095731
      2 1095730
      2 1095685
      2 1094715
      2 1094556
      2 1094175
      2 108981
      2 1089553
      2 1089447
      2 1088883
      2 1088721
      2 1086726
      2 1082933
      2 108015
      2 1079994
      2 1078035
      2 1077976
      2 1077947
      2 1077464
      2 1077285
      2 1076
      2 1073999
      2 1073571
      2 1073328
      2 1072685
      2 1069083
      2 1068978
      2 106634
      2 1063
      2 1055723
      2 1055539
      2 1054862
      2 1053688
      2 1051973
      2 1051661
      2 1051653
      2 1051650
      2 1051646
      2 1051501
      2 1050221
      2 1050219
      2 1050107
      2 1049584
      2 1048254
      2 1046596
      2 1045773
      2 1045010
      2 1045004
      2 1043493
      2 104336
      2 104268
      2 103855
      2 103816
      2 1037409
      2 1035377
      2 1035184
      2 1034943
      2 1033806
      2 1033741
      2 1033731
      2 1033730
      2 1017277
      2 1017273
      2 1017270
      2 101564
      2 1009714
      2 1007656
      2 1006003
      2 1005999
      2 1005995
      2 1004954
      2 1003195
      2 1003181
      1 removed_fna_files
      1 999898
      1 999894
      1 999892
      1 999891
      1 999630
      1 999629
      1 999628
      1 999627
      1 999611
      1 999552
      1 999550
      1 999549
      1 999548
      1 999547
      1 999546
      1 999545
      1 999544
      1 999543
      1 999542
      1 999541
      1 999440
      1 999439
      1 999438
      1 999437
      1 999436
      1 999435
      1 999434
      1 999433
      1 999432
      1 999431
      1 999430
      1 999429
      1 999428
      1 999427
      1 999426
      1 999425
      1 999424
      1 999423
      1 999422
      1 999421
      1 999420
      1 999419
      1 999418
      1 999417
      1 999416
      1 999413
      1 999412
      1 999411
      1 999410
      1 999409
      1 999408
      1 999407
      1 999406
      1 999405
      1 999404
      1 999403
      1 999394
      1 999386
      1 999378
      1 999141
      1 998820
      1 998674
      1 998520
      1 998092
      1 998091
      1 998090
      1 998089
      1 998088
      1 998087
      1 99807
      1 997898
      1 997897
      1 997896
      1 997895
      1 997894
      1 997893
      1 997892
      1 997891
      1 997890
      1 997889
      1 997888
      1 997887
      1 997886
      1 997885
      1 997884
      1 997883
      1 997882
      1 997881
      1 997880
      1 997879
      1 997878
      1 997876
      1 997875
      1 997874
      1 997873
      1 997872
      1 997830
      1 997829
      1 997828
      1 997827
      1 997825
      1 997824
      1 997765
      1 997761
      1 997356
      1 997355
      1 997353
      1 997352
      1 997350
      1 997348
      1 997347
      1 997346
      1 997345
      1 997344
      1 997343
      1 997342
      1 997341
      1 997340
      1 997339
      1 997338
      1 997337
      1 997336
      1 997335
      1 997334
      1 997333
      1 997332
      1 997330
      1 997329
      1 997328
      1 997296
      1 996863
      1 996862
      1 996861
      1 996860
      1 996859
      1 996858
      1 996857
      1 996856
      1 996855
      1 996854
      1 996853
      1 996852
      1 996851
      1 996850
      1 996849
      1 996848
      1 996847
      1 996846
      1 996845
      1 996844
      1 996843
      1 996842
      1 996841
      1 996840
      1 996839
      1 996838
      1 996837
      1 996836
      1 996835
      1 996834
      1 996833
      1 996832
      1 996831
      1 996830
      1 996829
      1 996828
      1 996827
      1 996826
      1 996825
      1 996824
      1 996823
      1 996822
      1 996821
      1 996820
      1 996819
      1 996818
      1 996817
      1 996816
      1 996815
      1 996814
      1 996813
      1 996812
      1 996811
      1 996810
      1 996809
      1 996808
      1 996805
      1 996804
      1 996803
      1 996802
      1 996640
      1 996637
      1 996634
      1 996633
      1 99656
      1 99653
      1 996342
      1 996306
      1 996285
      1 996166
      1 99598
      1 995087
      1 995066
      1 995062
      1 995060
      1 995038
      1 995034
      1 995020
      1 994838
      1 994837
      1 994573
      1 994484
      1 994479
      1 994476
      1 993692
      1 993517
      1 993516
      1 993513
      1 993512
      1 993047
      1 99287
      1 992406
      1 992405
      1 992404
      1 992403
      1 992402
      1 992287
      1 992186
      1 992185
      1 992184
      1 992183
      1 992182
      1 992181
      1 992180
      1 992179
      1 992178
      1 992177
      1 992176
      1 992175
      1 992174
      1 992173
      1 992172
      1 992171
      1 992170
      1 992169
      1 992168
      1 992167
      1 992166
      1 992165
      1 992164
      1 992163
      1 992162
      1 992161
      1 992160
      1 992159
      1 992158
      1 992157
      1 992156
      1 992155
      1 992154
      1 992153
      1 992152
      1 992151
      1 992150
      1 992149
      1 992148
      1 992147
      1 992146
      1 992145
      1 992144
      1 992143
      1 992142
      1 992141
      1 992140
      1 992139
      1 992138
      1 992137
      1 992136
      1 992135
      1 992134
      1 992133
      1 992132
      1 992131
      1 992130
      1 992129
      1 992128
      1 992127
      1 992125
      1 992122
      1 992121
      1 992120
      1 992119
      1 992118
      1 992117
      1 992114
      1 992112
      1 992111
      1 992108
      1 992107
      1 992106
      1 992105
      1 992103
      1 992102
      1 992100
      1 992099
      1 992098
      1 992095
      1 992094
      1 992092
      1 992091
      1 992089
      1 992088
      1 992087
      1 992085
      1 992084
      1 992083
      1 992081
      1 992080
      1 992079
      1 992078
      1 992077
      1 992075
      1 992074
      1 992073
      1 992072
      1 992069
      1 992068
      1 992067
      1 992066
      1 992065
      1 992064
      1 992063
      1 992062
      1 992061
      1 992060
      1 992059
      1 992058
      1 992057
      1 992056
      1 992055
      1 992054
      1 992053
      1 992052
      1 992050
      1 992049
      1 992048
      1 992047
      1 992046
      1 992044
      1 992043
      1 992042
      1 992041
      1 992040
      1 992039
      1 992038
      1 992037
      1 992036
      1 992035
      1 992034
      1 992033
      1 992032
      1 992031
      1 992030
      1 992029
      1 992028
      1 992027
      1 992026
      1 992025
      1 992024
      1 992023
      1 992022
      1 992020
      1 992019
      1 992018
      1 992017
      1 992016
      1 992015
      1 992014
      1 992013
      1 992012
      1 992011
      1 992010
      1 992009
      1 992008
      1 992007
      1 992006
      1 992005
      1 992004
      1 992003
      1 992002
      1 992001
      1 992000
      1 991999
      1 991998
      1 991997
      1 991996
      1 991995
      1 991994
      1 991993
      1 991992
      1 991991
      1 991990
      1 991989
      1 991988
      1 991987
      1 991985
      1 991984
      1 991983
      1 991982
      1 991981
      1 991980
      1 991978
      1 991977
      1 991976
      1 991975
      1 991974
      1 991973
      1 991972
      1 991971
      1 991970
      1 991969
      1 991968
      1 991967
      1 991966
      1 991965
      1 991963
      1 991962
      1 991961
      1 991960
      1 991959
      1 991958
      1 991957
      1 991956
      1 991955
      1 991954
      1 991953
      1 991952
      1 991951
      1 991950
      1 991949
      1 991948
      1 991947
      1 991946
      1 991945
      1 991944
      1 991943
      1 991942
      1 991941
      1 991940
      1 991939
      1 991938
      1 991937
      1 991936
      1 991935
      1 991934
      1 991933
      1 991932
      1 991931
      1 991930
      1 991929
      1 991928
      1 991927
      1 991926
      1 991925
      1 991924
      1 991923
      1 991905
      1 991791
      1 991778
      1 990998
      1 990712
      1 990371
      1 990370
      1 990317
      1 990316
      1 990315
      1 990314
      1 990288
      1 990285
      1 990282
      1 990073
      1 990072
      1 990070
      1 990069
      1 990068
      1 989499
      1 989436
      1 989432
      1 989422
      1 989410
      1 989397
      1 989396
      1 989370
      1 988821
      1 988812
      1 988801
      1 98804
      1 98795
      1 987060
      1 987057
      1 987045
      1 986330
      1 986075
      1 985867
      1 985665
      1 985259
      1 985255
      1 985081
      1 985080
      1 985078
      1 985077
      1 985076
      1 985053
      1 985010
      1 985008
      1 985006
      1 984894
      1 984892
      1 98439
      1 984262
      1 984254
      1 984253
      1 984252
      1 984251
      1 984250
      1 984249
      1 984248
      1 984247
      1 984246
      1 984245
      1 984244
      1 984243
      1 984242
      1 984241
      1 984240
      1 984237
      1 984236
      1 984235
      1 984234
      1 984233
      1 984232
      1 984231
      1 984230
      1 984229
      1 984228
      1 984227
      1 984226
      1 984225
      1 984224
      1 984223
      1 984222
      1 984221
      1 984220
      1 984219
      1 984218
      1 984217
      1 984216
      1 984215
      1 984214
      1 984213
      1 984212
      1 984211
      1 984195
      1 984129
      1 983952
      1 983919
      1 983918
      1 983917
      1 983548
      1 983545
      1 983544
      1 983328
      1 983
      1 98228
      1 981540
      1 981539
      1 981426
      1 981405
      1 981386
      1 981384
      1 981383
      1 981369
      1 981368
      1 981367
      1 981332
      1 981329
      1 981328
      1 981326
      1 981325
      1 981324
      1 981224
      1 981223
      1 981222
      1 981221
      1 981220
      1 981219
      1 981218
      1 981217
      1 981216
      1 981215
      1 981214
      1 981213
      1 981212
      1 981211
      1 981210
      1 980584
      1 980563
      1 980561
      1 980518
      1 980514
      1 980422
      1 980254
      1 980251
      1 979982
      1 979226
      1 979222
      1 979221
      1 979220
      1 979219
      1 979218
      1 979217
      1 979216
      1 979215
      1 979214
      1 979213
      1 979212
      1 979211
      1 979210
      1 979209
      1 979208
      1 979207
      1 979206
      1 979205
      1 979204
      1 979203
      1 979202
      1 979201
      1 979200
      1 979199
      1 977905
      1 97481
      1 97139
      1 97138
      1 97137
      1 96901
      1 96773
      1 96765
      1 966
      1 96563
      1 96561
      1 96496
      1 96241
      1 95664
      1 95663
      1 95662
      1 95661
      1 95658
      1 956483
      1 95619
      1 95618
      1 95617
      1 95616
      1 956149
      1 95614
      1 95611
      1 95610
      1 95609
      1 95608
      1 95607
      1 95606
      1 95605
      1 95563
      1 953739
      1 95300
      1 953
      1 95161
      1 94869
      1 948565
      1 948564
      1 948563
      1 948561
      1 948458
