1005044 730 724 712 135625 1236 1224 2 131567 
1005045 730 724 712 135625 1236 1224 2 131567 
1005046 730 724 712 135625 1236 1224 2 131567 
1005047 730 724 712 135625 1236 1224 2 131567 
1052677 1038927 562 561 543 91347 1236 1224 2 131567 
1055158 245186 31989 204455 28211 1224 2 131567 
1057002 106591 227292 82115 356 28211 1224 2 131567 
1062 1060 31989 204455 28211 1224 2 131567 
1069643 1038927 562 561 543 91347 1236 1224 2 131567 
1069645 1038927 562 561 543 91347 1236 1224 2 131567 
1073841 1038927 562 561 543 91347 1236 1224 2 131567 
1073985 1038927 562 561 543 91347 1236 1224 2 131567 
1089709 689697 563843 1100069 976 68336 1783270 2 131567 
1089726 60846 1644056 1644055 183963 28890 2157 131567 
1089732 695982 1644056 1644055 183963 28890 2157 131567 
1089735 56688 1963271 1644055 183963 28890 2157 131567 
1089748 56688 1963271 1644055 183963 28890 2157 131567 
1089753 56688 1963271 1644055 183963 28890 2157 131567 
1089759 56688 1963271 1644055 183963 28890 2157 131567 
1091038 1308 1301 1300 186826 91061 1239 1783272 2 131567 
1122938 761 745 712 135625 1236 1224 2 131567 
1123238 255519 1903434 543 91347 1236 1224 2 131567 
1123863 553 53335 1903409 91347 1236 1224 2 131567 
1126 1125 1890449 1118 1301283 1117 1798711 1783272 2 131567 
1128108 2263 2259 2258 183968 28890 2157 131567 
1131 1129 1890426 1890424 1117 1798711 1783272 2 131567 
1158105 56688 1963271 1644055 183963 28890 2157 131567 
1168066 319705 36809 670506 670516 1763 1762 85007 1760 201174 1783272 2 131567 
264691 264688 1162 1161 1117 1798711 1783272 2 131567 
1184 47251 1890438 1890424 1117 1798711 1783272 2 131567 
1189615 1408 1386 186817 1385 91061 1239 1783272 2 131567 
1199 1198 1892254 1150 1301283 1117 1798711 1783272 2 131567 
121277 2276 2267 2266 183924 28889 1783275 2157 131567 
1220 1218 1213 1890424 1117 1798711 1783272 2 131567 
1227568 287 136841 286 135621 72274 1236 1224 2 131567 
1243649 244320 562 561 543 91347 1236 1224 2 131567 
1250025 104267 49546 200644 117743 976 68336 1783270 2 131567 
126344 1198 1892254 1150 1301283 1117 1798711 1783272 2 131567 
1265478 36866 191675 543 91347 1236 1224 2 131567 
1282359 83334 562 561 543 91347 1236 1224 2 131567 
1286877 83334 562 561 543 91347 1236 1224 2 131567 
1287085 68287 69277 356 28211 1224 2 131567 
1287233 68287 69277 356 28211 1224 2 131567 
1287268 68287 69277 356 28211 1224 2 131567 
1287270 68287 69277 356 28211 1224 2 131567 
1287273 68287 69277 356 28211 1224 2 131567 
1287275 68287 69277 356 28211 1224 2 131567 
1287280 68287 69277 356 28211 1224 2 131567 
12915 12914 118883 2281 183924 28889 1783275 2157 131567 
1334189 1280 1279 90964 1385 91061 1239 1783272 2 131567 
13769 63742 1644061 1644060 183963 28890 2157 131567 
138072 568987 146507 84563 191675 543 91347 1236 1224 2 131567 
1386772 22 267890 135622 1236 1224 2 131567 
1386773 22 267890 135622 1236 1224 2 131567 
1386774 22 267890 135622 1236 1224 2 131567 
1386775 22 267890 135622 1236 1224 2 131567 
1386776 22 267890 135622 1236 1224 2 131567 
1389454 1389453 1389452 1389451 1389450 1389441 1760 201174 1783272 2 131567 
1390385 47715 1578 33958 186826 91061 1239 1783272 2 131567 
1395514 1596 1578 33958 186826 91061 1239 1783272 2 131567 
1400024 562 561 543 91347 1236 1224 2 131567 
1444 1428 86661 1386 186817 1385 91061 1239 1783272 2 131567 
1449788 28105 227292 82115 356 28211 1224 2 131567 
145262 145260 2159 2158 183925 28890 2157 131567 
1481923 662 641 135623 1236 1224 2 131567 
1497796 570 543 91347 1236 1224 2 131567 
1503040 182269 255475 356 28211 1224 2 131567 
1510937 946227 267893 135622 1236 1224 2 131567 
1510939 946227 267893 135622 1236 1224 2 131567 
151262 33882 85023 85006 1760 201174 1783272 2 131567 
1542666 1330545 543 91347 1236 1224 2 131567 
1550227 1485 31979 186802 186801 1239 1783272 2 131567 
1564506 34008 31989 204455 28211 1224 2 131567 
1569867 286 135621 72274 1236 1224 2 131567 
1584 1578 33958 186826 91061 1239 1783272 2 131567 
166310 1129 1890426 1890424 1117 1798711 1783272 2 131567 
166313 1129 1890426 1890424 1117 1798711 1783272 2 131567 
166321 1129 1890426 1890424 1117 1798711 1783272 2 131567 
166322 1129 1890426 1890424 1117 1798711 1783272 2 131567 
1676276 544 543 91347 1236 1224 2 131567 
1676277 547 543 91347 1236 1224 2 131567 
1678126 53246 267888 135622 1236 1224 2 131567 
1774373 314275 226 72275 135622 1236 1224 2 131567 
1810 1763 1762 85007 1760 201174 1783272 2 131567 
1823 1817 85025 85007 1760 201174 1783272 2 131567 
1869227 49928 2323 2 131567 
1870901 245186 31989 204455 28211 1224 2 131567 
1872104 12914 118883 2281 183924 28889 1783275 2157 131567 
1879286 56688 1963271 1644055 183963 28890 2157 131567 
1884818 561 543 91347 1236 1224 2 131567 
1888169 413496 543 91347 1236 1224 2 131567 
1896315 46255 81850 186826 91061 1239 1783272 2 131567 
1896336 544 543 91347 1236 1224 2 131567 
1902 1477431 1883 2062 85011 1760 201174 1783272 2 131567 
1904862 28253 135620 135619 1236 1224 2 131567 
1905321 332339 28256 135619 1236 1224 2 131567 
1912315 581 1903414 91347 1236 1224 2 131567 
1914291 204037 1903410 91347 1236 1224 2 131567 
1916 1883 2062 85011 1760 201174 1783272 2 131567 
192170 104264 49546 200644 117743 976 68336 1783270 2 131567 
1926584 267849 135620 135619 1236 1224 2 131567 
205 194 72294 213849 29547 68525 1224 2 131567 
2061 2060 85028 85007 1760 201174 1783272 2 131567 
207809 2284 118883 2281 183924 28889 1783275 2157 131567 
2107 2093 2092 2085 31969 544448 1783272 2 131567 
2111 2093 2092 2085 31969 544448 1783272 2 131567 
2134 2132 2131 186328 31969 544448 1783272 2 131567 
215813 309512 31989 204455 28211 1224 2 131567 
2254 2251 1644056 1644055 183963 28890 2157 131567 
2271 2270 2267 2266 183924 28889 1783275 2157 131567 
2288 2284 118883 2281 183924 28889 1783275 2157 131567 
232352 1129 1890426 1890424 1117 1798711 1783272 2 131567 
232353 1129 1890426 1890424 1117 1798711 1783272 2 131567 
2355 49928 2323 2 131567 
239 237 49546 200644 117743 976 68336 1783270 2 131567 
24 22 267890 135622 1236 1224 2 131567 
2434 2433 31989 204455 28211 1224 2 131567 
244363 2237 1963268 2235 183963 28890 2157 131567 
255252 1129 1890426 1890424 1117 1798711 1783272 2 131567 
266022 2276 2267 2266 183924 28889 1783275 2157 131567 
267375 53246 267888 135622 1236 1224 2 131567 
269667 12914 118883 2281 183924 28889 1783275 2157 131567 
272989 149539 59201 28901 590 543 91347 1236 1224 2 131567 
274 270 188786 68933 188787 1297 1783272 2 131567 
278678 33807 82117 28211 1224 2 131567 
280483 1518149 267889 135622 1236 1224 2 131567 
28107 53246 267888 135622 1236 1224 2 131567 
28169 662 641 135623 1236 1224 2 131567 
288 53246 267888 135622 1236 1224 2 131567 
28907 28905 2056687 72273 1236 1224 2 131567 
29292 2260 2259 2258 183968 28890 2157 131567 
29387 1279 90964 1385 91061 1239 1783272 2 131567 
29442 136843 286 135621 72274 1236 1224 2 131567 
29549 29548 563843 1100069 976 68336 1783270 2 131567 
305430 1129 1890426 1890424 1117 1798711 1783272 2 131567 
314564 12914 118883 2281 183924 28889 1783275 2157 131567 
314855 662 641 135623 1236 1224 2 131567 
315458 12914 118883 2281 183924 28889 1783275 2157 131567 
315460 12914 118883 2281 183924 28889 1783275 2157 131567 
317660 1883 2062 85011 1760 201174 1783272 2 131567 
33008 1827 85025 85007 1760 201174 1783272 2 131567 
33013 28447 1573 85023 85006 1760 201174 1783272 2 131567 
330834 99479 85021 85006 1760 201174 1783272 2 131567 
338565 551 1903409 91347 1236 1224 2 131567 
33913 1851 2070 85010 1760 201174 1783272 2 131567 
33968 1243 81850 186826 91061 1239 1783272 2 131567 
33972 1301 1300 186826 91061 1239 1783272 2 131567 
339863 2053 85026 85007 1760 201174 1783272 2 131567 
34009 34008 31989 204455 28211 1224 2 131567 
340407 129337 186817 1385 91061 1239 1783272 2 131567 
34051 630 629 1903411 91347 1236 1224 2 131567 
346 643453 338 32033 135614 1236 1224 2 131567 
349971 1883 2062 85011 1760 201174 1783272 2 131567 
35742 2237 1963268 2235 183963 28890 2157 131567 
35783 1350 81852 186826 91061 1239 1783272 2 131567 
36822 2053 85026 85007 1760 201174 1783272 2 131567 
36823 2053 85026 85007 1760 201174 1783272 2 131567 
36828 1491 1485 31979 186802 186801 1239 1783272 2 131567 
37330 1817 85025 85007 1760 201174 1783272 2 131567 
380358 29447 338 32033 135614 1236 1224 2 131567 
383749 53246 267888 135622 1236 1224 2 131567 
391289 1386 186817 1385 91061 1239 1783272 2 131567 
391290 129337 186817 1385 91061 1239 1783272 2 131567 
397453 562 561 543 91347 1236 1224 2 131567 
41673 12914 118883 2281 183924 28889 1783275 2157 131567 
42777 2060 85028 85007 1760 201174 1783272 2 131567 
43080 2284 118883 2281 183924 28889 1783275 2157 131567 
442459 1865 28056 85008 1760 201174 1783272 2 131567 
44273 1357 1300 186826 91061 1239 1783272 2 131567 
45888 666 662 641 135623 1236 1224 2 131567 
472 469 468 72274 1236 1224 2 131567 
47253 47251 1890438 1890424 1117 1798711 1783272 2 131567 
47834 2132 2131 186328 31969 544448 1783272 2 131567 
498388 562 561 543 91347 1236 1224 2 131567 
50421 28065 80864 80840 28216 1224 2 131567 
51367 51366 641 135623 1236 1224 2 131567 
51589 2237 1963268 2235 183963 28890 2157 131567 
52132 234 118882 356 28211 1224 2 131567 
529121 1444 1428 86661 1386 186817 1385 91061 1239 1783272 2 131567 
53249 53246 267888 135622 1236 1224 2 131567 
552 551 1903409 91347 1236 1224 2 131567 
558 551 1903409 91347 1236 1224 2 131567 
563177 12914 118883 2281 183924 28889 1783275 2157 131567 
56450 338 32033 135614 1236 1224 2 131567 
565047 1639 1637 186820 1385 91061 1239 1783272 2 131567 
56636 56635 2272 114380 183924 28889 1783275 2157 131567 
59779 265 31989 204455 28211 1224 2 131567 
598707 1160 54304 1892252 1150 1301283 1117 1798711 1783272 2 131567 
599 590 543 91347 1236 1224 2 131567 
59932 1129 1890426 1890424 1117 1798711 1783272 2 131567 
634157 56688 1963271 1644055 183963 28890 2157 131567 
63612 84565 1903410 91347 1236 1224 2 131567 
641420 32014 90153 1499392 206351 28216 1224 2 131567 
647 642 84642 135624 1236 1224 2 131567 
64713 56688 1963271 1644055 183963 28890 2157 131567 
658056 12333 10239 
674516 2284 118883 2281 183924 28889 1783275 2157 131567 
675 662 641 135623 1236 1224 2 131567 
687691 2284 118883 2281 183924 28889 1783275 2157 131567 
687692 2284 118883 2281 183924 28889 1783275 2157 131567 
70347 469 468 72274 1236 1224 2 131567 
710972 50423 1236 1224 2 131567 
728059 642 84642 135624 1236 1224 2 131567 
728061 497 468 72274 1236 1224 2 131567 
728062 53246 267888 135622 1236 1224 2 131567 
728063 662 641 135623 1236 1224 2 131567 
728064 662 641 135623 1236 1224 2 131567 
78 75 76892 204458 28211 1224 2 131567 
79967 551 1903409 91347 1236 1224 2 131567 
84096 2053 85026 85007 1760 201174 1783272 2 131567 
84139 2053 85026 85007 1760 201174 1783272 2 131567 
89053 2053 85026 85007 1760 201174 1783272 2 131567 
91612 339 338 32033 135614 1236 1224 2 131567 
936347 497 468 72274 1236 1224 2 131567 
945692 2053 85026 85007 1760 201174 1783272 2 131567 
991913 562 561 543 91347 1236 1224 2 131567 
991919 562 561 543 91347 1236 1224 2 131567 
