1000589.3
1000590.6
1000951.3
1000952.3
1000953.4
1001530.3
1001582.3
1001585.3
1001588.3
1001589.3
1001593.3
1001601.3
1001715.3
1001716.3
1001717.3
1001719.3
1001720.3
1001734.3
1001989.3
100226.15
1002364.3
1002365.5
1002366.3
1002368.3
1002369.4
1003185.3
1003188.3
1003191.3
1003192.3
1004153.3
1004785.3
1004786.3
1004787.3
1004788.3
100480.3
1004836.3
1004951.3
1004952.3
1005041.3
1005048.3
1005058.3
1005395.3
1005396.3
1005397.3
1005398.3
1005399.3
1005400.3
1005401.3
1005402.3
1005403.3
1005404.3
1005405.3
1005406.3
1005407.3
1005408.3
1005410.3
1005411.3
1005412.3
1005413.3
1005414.3
1005415.3
1005416.3
1005418.3
1005419.3
1005420.3
1005421.3
1005422.3
1005423.3
1005424.3
1005430.3
1005431.3
1005432.3
1005433.3
1005434.3
1005435.3
1005436.3
1005437.3
1005438.3
1005439.3
1005440.3
1005441.3
1005442.3
1005450.3
1005452.3
1005455.3
1005460.3
1005461.3
1005462.3
1005463.3
1005464.3
1005466.3
1005467.3
1005469.3
1005470.3
1005471.3
1005472.3
1005473.3
1005474.3
1005475.3
1005476.3
1005477.3
1005478.3
1005479.3
1005480.3
1005481.3
1005482.3
1005483.3
1005484.3
1005485.3
1005486.3
1005487.3
1005488.3
1005489.3
1005490.3
1005491.3
1005492.3
1005493.3
1005494.3
1005495.3
1005496.3
1005497.3
1005498.3
1005499.3
1005500.3
1005501.3
1005502.3
1005503.3
1005504.3
1005505.3
1005506.3
1005507.3
1005508.3
1005509.3
1005510.3
1005511.3
1005512.3
1005513.3
1005514.4
1005515.3
1005516.3
1005517.3
1005518.3
1005519.3
1005520.3
1005521.3
1005522.3
1005523.3
1005524.3
1005526.3
1005527.3
1005528.3
1005529.3
1005530.3
1005531.3
1005532.3
1005533.3
1005534.3
1005535.3
1005536.3
1005537.3
1005538.3
1005539.3
1005540.3
1005541.3
1005542.3
1005543.3
1005544.3
1005545.3
1005546.3
1005547.3
1005548.3
1005549.3
1005550.3
1005551.3
1005552.4
1005553.3
1005554.3
1005555.3
1005557.3
1005558.3
1005559.3
1005560.4
1005561.3
1005562.3
1005563.3
1005564.3
1005565.3
1005566.3
1005567.3
1005705.3
1006551.4
1007103.3
1007105.3
1007109.3
1007122.3
1007123.3
1007656.5
1008297.7
1009412.3
1009714.6
1009853.4
1009854.4
1017266.3
102125.3
102129.3
102608.4
1027371.3
1027372.3
1028802.3
1028803.3
1028804.3
1028805.3
1028806.3
102897.3
1029718.6
1029823.3
1029977.3
1029978.4
1029979.3
1029980.3
1029982.3
1029983.3
1029984.3
1029986.3
1029989.3
1029997.3
1030009.3
1030145.6
1032488.3
1032869.4
1033737.3
1033739.3
1033740.3
1033743.3
1033813.3
1034809.4
1035116.3
1035117.3
1035188.3
1035189.4
1035193.3
1035194.3
1035196.3
1035377.9
1035839.4
103690.10
1037262.4
1037409.3
1037890.3
1037908.3
1037915.3
103796.33
1038844.18
1038866.3
1038921.4
1038927.5
1040638.5
1041149.3
1042375.3
1042378.3
1042402.4
1042803.5
1042804.3
1044999.3
1045010.15
104623.3
1046596.6
1046599.3
1046624.4
1046629.4
1048208.3
1048254.3
1048256.3
1048261.3
1048264.3
1048265.3
1048266.3
1048334.3
1048689.4
1048765.4
1048808.3
1049565.4
1049759.3
1049773.3
1049801.3
1049802.3
1049803.3
1049805.3
1049807.3
1049904.3
1049913.3
1049920.3
1049921.3
1049922.3
1049925.3
1049929.3
1049932.3
1049935.3
1049938.3
1049940.3
1049970.3
1049971.3
1049972.3
1049973.3
1049974.3
1049976.3
1049977.3
1049978.3
1049979.3
1049980.3
1049981.3
1049985.3
1050617.5
1051003.3
1051004.3
1051005.3
1051346.3
1051347.3
1051348.3
1051349.3
1051350.3
1051351.3
1051352.3
1051353.3
1051502.3
1051503.3
1051645.3
1051646.9
1051651.3
1051652.3
1051653.4
1051656.3
1051657.3
1051659.3
1051660.3
1051661.4
1051985.3
1052680.4
1052681.4
1052682.4
1053169.3
1053171.3
1053179.3
1053180.3
1053181.3
1053182.3
1053184.3
1053185.3
1053187.3
1053192.3
1053194.3
1053196.3
1053197.3
1053198.3
1053199.3
1053200.3
1053207.3
1053208.3
1053211.3
1053212.3
1053214.3
1053215.3
1053218.3
1053219.3
1053220.3
1053221.3
1053222.3
1053224.3
1053225.3
1053233.3
1053236.3
1053242.3
1053243.3
1053245.3
1053249.3
1053687.3
1054213.3
1054942.3
1055192.4
1055325.3
1055328.3
1055524.3
1055526.3
1056511.3
1056820.3
1064551.5
1068614.3
1068615.3
1068616.3
1068617.3
1068618.3
1068619.3
1068620.3
1068621.3
1069495.4
1069533.5
1069609.3
1069614.3
1069618.3
1069621.3
1069623.3
1069627.3
1069631.3
1070319.3
1071390.3
1071969.3
1072459.4
1072568.3
1072569.3
1072570.3
1072571.3
1072572.3
1072575.4
1072595.3
1073353.3
1073362.3
1073567.3
1073999.7
1074052.3
1074067.3
1074454.6
1074486.3
1075089.3
1075091.3
1075759.3
1076135.3
1076934.5
1077143.3
1077282.3
1078013.3
1078029.12
1078030.10
1078031.3
1078033.4
1078035.4
1078464.3
1078775.3
1079364.3
1079473.3
1079474.3
1079475.3
1079476.3
1079477.3
1079478.3
1080365.4
1081640.3
1081736.4
1081887.3
1081888.3
1081889.3
1081890.3
1081891.3
1081892.3
1081893.3
1081894.3
1081895.3
1081896.3
1081940.5
1082931.4
1084662.5
1085389.3
1085538.3
1085540.3
1085541.3
1085550.3
1085623.3
1085628.3
1085630.3
1086014.3
1086032.3
1086033.3
1086034.3
1086036.3
108619.33
1087440.3
1087441.3
1087443.3
1087444.3
1087445.3
1087479.3
1088542.3
1088543.3
1088544.3
1088721.7
1088868.3
1088869.3
1088888.3
1089444.22
1089445.3
1089447.4
1089456.3
1090322.3
1090926.6
1090927.4
1090928.3
1090929.3
1090930.3
1091039.4
1091040.5
1091042.3
1091046.3
1093790.3
1094167.3
1094168.3
1094169.3
1094170.3
1094171.3
1094174.3
1094176.3
1094177.3
1094178.3
1094181.3
1094183.3
1094184.3
1094185.3
1094187.3
1094469.3
1094470.3
1094471.3
1094474.3
1094475.3
1094477.3
1094478.3
1094479.3
1094480.3
1094481.3
1094482.3
1094483.3
1094484.3
1094486.3
1094487.3
1094488.3
1094497.3
1094502.3
1094508.3
1094556.5
1094564.3
1094755.3
1094979.3
1095639.3
1095640.3
1095641.3
1095642.3
1095643.3
1095644.3
1095645.3
1095646.3
1095647.3
1095648.3
1095649.3
1095650.3
1095651.3
1095652.3
1095653.3
1095654.3
1095655.3
1095656.3
1095657.3
1095658.3
1095659.3
1095660.3
1095661.3
1095662.3
1095666.3
1095675.3
1095691.3
1095695.3
1095696.3
1095698.3
1095699.3
1095729.3
1095733.3
1095734.3
1095737.3
1095743.3
1095745.3
1095746.3
1095747.3
1095749.3
1095750.3
1095771.3
1095773.3
1096546.3
1096930.3
1097579.3
1097667.3
109790.33
1101190.3
1101440.4
1104322.3
1104326.3
1104566.3
1104678.3
1104679.3
1104680.3
1104681.3
1104684.3
1104685.3
1104996.3
1105115.3
1105117.3
1105231.3
1105232.3
1105238.3
1105239.3
1105241.3
1105252.3
1105253.3
1105254.3
1105255.3
1105257.3
1105258.3
1105260.3
1105261.3
1105262.3
1105264.3
1105265.3
1105266.3
1105269.3
1105270.3
1105271.3
1105273.3
1105275.3
1105279.3
1105280.3
1105330.3
1107881.3
1107882.3
1108968.3
1110505.6
1111073.3
1111075.3
1111078.3
1111121.3
1111134.3
1111454.3
1111677.3
1111735.3
1112209.3
1112217.3
1114961.3
1114970.3
1115511.3
1115512.3
1115807.3
1115810.3
1115811.3
1115812.3
1115813.3
1115814.3
1115815.3
1115816.3
1115817.3
1115818.3
1115819.3
1115820.3
1115821.3
1115822.3
1115823.3
1115824.3
1115825.3
1115826.3
1115828.3
1115829.3
1115830.3
1115997.3
1115998.3
1115999.3
1116000.3
1116001.3
1116002.3
1116003.3
1116004.3
1116006.3
1116007.3
1116008.3
1116009.3
1116010.3
1116011.3
1116012.3
1116013.3
1116014.3
1116015.3
1116016.3
1116017.3
1116018.3
1116019.3
1116020.3
1116021.3
1116022.3
1116023.3
1116024.3
1116025.3
1116026.3
1116027.3
1116028.3
1116029.3
1116030.3
1116031.3
1116032.3
1116033.3
1116034.3
1116035.3
1116036.3
1116037.3
1116038.3
1116039.3
1116040.3
1116041.3
1116042.3
1116043.3
1116044.3
1116045.3
1116046.3
1116047.3
1116048.3
1116049.3
1116050.3
1116051.3
1116052.3
1116053.3
1116054.3
1116055.3
1116056.3
1116057.3
1116058.3
1116059.3
1116060.3
1116061.3
1116062.3
1116063.3
1116064.3
1116065.3
1116066.3
1116067.3
1116068.3
1116069.3
1116070.3
1116071.3
1116072.3
1116073.3
1116074.3
1116075.3
1116076.3
1116077.3
1116078.3
1116079.3
1116080.3
1116081.3
1116082.3
1116083.3
1116084.3
1116085.3
1116086.3
1116087.3
1116088.3
1116089.3
1116090.3
1116091.3
1116092.3
1116093.3
1116094.3
1116095.3
1116096.3
1116097.3
1116098.3
1116099.3
1116100.3
1116101.3
1116102.3
1116103.3
1116104.3
1116105.3
1116106.3
1116107.3
1116108.3
1116109.3
1116110.3
1116111.3
1116112.3
1116113.3
1116114.3
1116115.3
1116116.3
1116117.3
1116118.3
1116119.3
1116120.3
1116121.3
1116122.3
1116123.3
1116124.3
1116125.3
1116126.3
1116127.3
1116128.3
1116129.3
1116130.3
1116131.3
1116132.3
1116133.3
1116134.3
1116135.3
1116136.3
1116137.3
1116138.3
1116139.3
1116140.3
1116141.3
1116142.3
1116143.3
1116144.3
1116145.3
1116146.3
1116147.3
1116148.3
1116149.3
1116150.3
1116151.3
1116152.3
1116153.3
1116154.3
1116155.3
1116156.3
1116157.3
1116158.3
1116159.3
1116160.3
1116161.3
1116162.3
1116163.3
1116164.3
1116165.3
1116166.3
1116167.3
1116168.3
1116169.3
1116170.3
1116171.3
1116172.3
1116173.3
1116174.3
1116175.3
1116176.3
1116177.3
1116178.3
1116179.3
1116180.3
1116181.3
1116182.3
1116183.3
1116184.3
1116185.3
1116186.3
1116187.3
1116188.3
1116189.3
1116190.3
1116191.3
1116192.3
1116193.3
1116194.3
1116214.3
1116215.3
1116217.3
1116218.3
1116219.3
1116220.3
1116221.3
1116222.3
1116223.3
1116224.3
1116225.3
1116230.3
1116236.3
1116471.3
1116476.3
1117108.3
1117111.12
1117313.3
1117314.3
1117315.3
1117316.3
1117317.3
1117318.14
1117320.3
1117322.9
1117958.3
1118054.3
1118157.3
1118235.3
1118959.3
1118965.3
1120931.3
1120934.3
1120950.3
1120953.3
1120957.3
1120963.3
1120966.3
1120973.4
1120979.4
1120992.3
1121006.3
1121007.3
1121012.3
1121015.4
1121028.4
1121096.3
1121098.4
1121099.3
1121105.4
1121108.4
1121114.7
1121116.3
1121121.3
1121308.5
1121342.5
1121365.3
1121439.3
1121444.3
1121453.3
1121864.8
1121875.3
1121910.4
1121921.3
1121922.3
1121929.3
1121935.3
1121937.3
1121940.3
1121943.4
1122128.3
1122132.3
1122134.4
1122139.6
1122176.3
1122180.3
1122181.3
1122218.3
1122225.4
1122243.3
1122247.4
1122607.3
1122917.3
1122919.3
1122936.3
1122971.3
1122973.3
1122989.3
1123016.6
1123058.4
1123227.4
1123230.3
1123250.4
1123274.3
1123278.3
1123279.3
1123284.3
1123294.3
1123298.3
1123309.3
1123312.3
1123318.3
1123321.3
1123322.3
1123347.4
1123360.3
1123366.5
1123367.4
1123393.3
1123399.3
1123488.3
1123494.3
1123499.3
1123502.3
1123511.3
1123513.3
1123514.3
1123519.7
1123523.3
1123524.3
1123866.3
1123867.3
1124468.8
1124469.11
1124470.7
1124471.7
1124472.7
1124473.7
1124474.7
1124475.8
1124476.7
1124477.7
1124478.9
1124479.7
1124480.7
1124481.7
1124482.7
1124483.7
1124484.7
1124485.7
1124486.7
1124487.8
1124780.3
1124906.3
1124907.3
1124908.3
1124909.3
1124910.3
1124911.3
1124919.3
1124921.3
1124923.3
1124924.3
1124925.3
1124926.4
1124929.5
1124933.3
1124934.3
1124935.4
1124936.4
1124937.3
1124941.3
1124942.3
1124950.3
1124951.3
1124952.3
1124953.3
1124954.3
1124955.3
1124958.3
1124959.3
1124962.3
1124963.3
1124964.3
1124966.3
1124967.3
1124968.3
1124971.4
1124972.4
1124973.4
1124980.3
1124983.3
1124984.3
1124985.3
1124986.3
1124987.3
1124988.3
1124989.3
1124991.3
1125630.4
1125634.3
1125635.3
1125636.3
1125637.3
1125638.3
1125639.3
1125640.3
1125641.3
1125642.3
1125643.3
1125644.3
1125645.3
1125646.3
1125647.3
1125648.3
1125649.3
1125650.3
1125651.3
1125652.3
1125697.3
1125698.3
1125712.3
1125717.3
1125725.3
1125976.4
1125977.3
1125979.3
1125980.3
1126888.3
1126889.3
1126891.3
1126892.3
1126896.3
1126897.3
1126898.3
1126899.3
1126900.3
1126901.3
1126903.3
1126904.3
1126905.3
1126906.3
1126907.3
1126909.3
1126911.3
1126912.3
1126913.3
1126915.3
1126917.3
1126918.3
1126919.3
1126921.3
1126923.3
1126925.3
1126926.3
1126927.3
1126928.3
1126929.3
1126931.3
1126933.3
1126934.3
1126935.3
1126936.3
1127123.3
1127124.3
1127125.3
1127131.3
1127353.3
1127354.3
1127355.3
1127356.4
1127483.3
1127673.3
1127692.3
1127694.3
1127695.3
1128111.3
1128946.3
1128948.3
1128950.3
1128951.3
1128952.3
1128953.3
1128954.3
1128959.3
1128963.3
1129368.3
1129374.4
1129793.3
1129895.3
1129896.3
1129897.3
1130798.5
1131274.4
1131284.3
1131451.6
1131628.3
1131629.3
1131630.3
1131935.3
1132507.4
1133852.3
1133853.3
1134413.3
1134445.3
1134453.3
1134455.3
1134456.3
1134475.3
1134782.3
1134842.3
1136137.3
1136157.3
1136158.3
1136160.3
1136161.3
1136162.3
1136163.9
1136166.3
1136167.3
1136168.3
1136169.3
1136173.3
1136175.3
1136217.3
1136218.3
1137129.3
1137130.3
1137131.3
1137132.3
1137133.3
1137135.3
1137280.3
1137739.4
1138429.3
1138874.3
1139219.4
1140002.4
1141101.3
1141105.7
1141106.7
1141661.3
1144272.3
1144300.3
1144302.3
1144303.3
1144305.3
1144306.3
1144307.3
1144311.3
1144317.3
1144319.3
1144320.3
1144323.3
1144327.3
1144331.3
1144337.3
1144338.3
1144339.3
1144340.3
1144341.3
1144342.3
1144344.3
1144663.3
1144671.3
1145119.3
1145120.3
1145121.3
1145122.3
1145123.3
1145124.3
1145125.3
1145126.3
1145128.3
1145129.3
1145130.3
1145131.3
1145132.3
1145133.3
1145134.3
1145135.3
1145136.3
1145137.3
1145138.3
1145139.3
1145140.3
1145141.3
1145142.3
1145143.3
1145144.3
1145145.3
1145146.3
1145147.3
1145148.3
1145149.3
1145150.3
1145151.3
1145152.3
1145153.3
1145154.3
1145155.3
1145156.3
1145158.3
1145160.3
1145161.3
1145162.3
1145163.3
1145164.3
1145165.3
1145166.3
1145168.3
1145170.3
1145171.3
1145172.3
1145173.3
1145174.3
1145175.3
1145176.3
1145178.3
1145179.3
1145180.3
1145181.3
1145184.3
1145191.3
1145194.3
1147034.3
1147127.5
1147131.5
1147132.5
1147753.3
1149133.6
1149859.3
1149861.3
1149865.7
1150591.3
1150615.3
1150626.3
1150775.4
1150862.3
1150867.5
1151114.3
1151116.3
1151120.3
1151186.3
1151187.3
1151188.3
1151189.3
1151195.3
1151200.3
1151201.3
1151202.3
1151209.3
1151210.3
1151211.3
1151212.3
1151213.3
1151214.3
1151215.3
1151216.3
1151217.3
1151218.3
1151219.3
1151220.3
1151221.3
1151222.3
1151224.3
1151225.3
1151226.3
1151227.3
1151228.3
1151231.3
1151232.3
1151233.3
1151234.3
1151235.3
1151236.3
1151237.3
1151238.3
1151239.3
1151240.3
1151241.3
1151242.3
1151243.3
1151244.3
1151246.3
1151247.3
1151248.3
1151249.3
1151250.3
1151251.3
1151252.5
1151253.5
1151254.5
1151255.5
1151256.5
1151257.5
1151258.5
1151259.4
1151260.4
1151261.4
1151262.4
1151263.4
1151264.4
1151265.4
1151266.4
1151267.4
1151268.4
1151269.4
1151270.4
1151271.4
1151272.4
1151273.4
1151274.4
1151275.4
1151276.4
1151277.4
1151278.4
1151279.4
1151280.4
1151281.4
1151282.4
1151283.4
1151284.4
1151285.4
1151286.4
1151287.4
1151288.4
1151289.4
1151290.4
1151291.4
1151292.4
1151293.4
1151294.4
1151295.3
1151296.4
1151297.5
1151298.4
1151299.4
1151300.4
1151301.4
1151303.4
1151304.4
1151305.4
1151308.3
1151309.3
1151310.3
1151312.3
1151313.3
1151314.3
1151316.3
1151317.4
1151318.4
1151319.4
1151320.4
1151321.4
1151323.4
1151324.3
1151325.4
1151326.4
1151327.4
1151328.4
1151329.4
1151330.4
1151331.4
1151332.4
1151333.4
1151334.4
1151336.4
1151337.4
1151338.4
1151339.4
1151340.4
1151341.4
1151342.4
1151343.4
1151344.4
1151345.4
1151346.4
1151347.4
1151348.4
1151349.4
1151350.4
1151351.4
1151352.4
1151353.4
1151354.4
1151355.3
1151356.4
1151357.4
1151358.4
1151359.4
1151360.4
1151361.4
1151362.4
1151363.4
1151364.4
1151366.4
1151367.4
1151368.4
1151372.4
1151373.4
1151374.4
1151375.4
1151376.4
1151377.4
1151378.4
1151379.4
1151380.4
1151381.4
1151382.4
1151383.4
1151384.4
1151385.4
1151386.4
1151387.4
1151388.4
1151389.4
1151390.4
1151392.4
1151393.4
1151394.4
1151395.4
1151396.4
1151397.4
1151398.4
1151399.4
1151400.4
1151401.4
1151402.4
1151403.4
1151404.4
1151405.4
1151406.4
1151407.4
1151408.4
1151409.4
1151411.4
1151412.4
1151413.4
1151414.4
1151415.3
1151416.4
1151417.3
1151418.4
1151419.3
1151420.4
1151421.4
1151422.4
1151423.4
1151424.4
1151425.4
1151426.4
1151427.3
1151428.4
1151429.4
1151430.4
1151431.3
1151432.3
1151433.4
1151434.4
1151435.4
1151436.4
1151437.4
1151438.4
1151439.4
1151440.4
1154757.4
1154758.6
1154771.3
1154773.3
1154774.3
1154776.3
1154778.3
1154779.3
1154780.3
1154782.3
1154783.3
1154784.3
1154785.3
1154786.3
1154787.3
1154789.3
1154791.3
1154792.3
1154793.3
1154794.3
1154796.3
1154802.3
1154803.3
1154804.3
1154805.3
1154806.3
1154809.3
1154811.3
1154812.3
1154817.3
1154820.3
1154821.3
1154822.3
1154828.3
1154829.3
1154830.3
1154831.3
1154834.3
1154841.3
1154842.3
1154844.3
1154848.3
1154849.3
1154850.3
1154851.3
1154853.3
1154854.3
1154855.3
1154856.3
1154860.3
1154864.3
1154865.3
1154867.3
1154868.3
1154871.3
1154873.3
1154874.3
1154875.3
1154876.3
1154877.3
1154878.3
1154879.3
1154880.3
1154884.3
1154885.3
1154886.3
1154890.3
1154892.3
1154894.3
1154896.3
1154898.3
1154899.3
1154900.3
1154902.3
1154903.3
1154907.3
1154910.3
1154913.3
1154914.3
1154915.3
1154917.3
1154920.3
1154921.3
1154923.3
1154928.3
1154932.3
1154934.3
1154935.3
1154936.3
1154937.3
1154942.3
1154943.3
1154944.3
1154945.3
1154947.3
1154949.3
1154950.3
1154951.3
1154952.3
1154953.3
1154955.3
1154957.3
1154959.3
1154960.3
1154962.3
1154963.3
1154964.3
1154965.3
1154966.3
1154970.3
1155079.3
1155131.3
1155134.3
115561.8
1155718.3
1156417.3
1156800.5
1156917.3
1156919.3
1156940.3
1156994.3
1156995.3
1156996.3
1156997.3
1156999.3
1157000.3
1157001.3
1157002.3
1157003.3
1157004.3
1157005.3
1157007.3
1157008.3
1157009.3
1157010.3
1157011.3
1157012.3
1157013.3
1157015.3
1157016.3
1157017.3
1157020.3
1157021.3
1157022.3
1157024.3
1157025.3
1157027.3
1157030.3
1157031.3
1157032.3
1157033.3
1157034.3
1157035.3
1157038.3
1157039.3
115711.10
1157342.3
1157343.3
1157344.3
1157345.3
1157346.3
1157347.3
1157348.3
1157349.3
1157350.3
1157351.3
1157352.3
1157353.3
1157355.3
1157356.3
1157357.3
1157358.3
1157359.3
1157360.3
1157361.3
1157362.3
1157363.3
1157364.3
1157365.3
1157366.3
1157367.3
1157368.3
1157369.3
1157378.3
1157379.3
1157380.3
1157381.3
1157383.3
1157384.3
1157385.3
1157386.3
1157387.3
1157388.3
1157389.3
1157390.3
1157391.3
1157392.3
1157393.3
1157394.3
1157395.3
1157396.3
1157397.3
1157399.3
1157400.3
1157401.3
1157402.3
1157403.3
1157404.3
1157405.3
1157406.3
1157407.3
1157408.3
1157409.3
1157410.3
1157411.3
1157412.3
1157424.3
1157431.3
1157433.3
1157441.3
1157448.3
1157462.3
1157470.3
1157472.3
1157479.3
1157633.3
1157639.3
1158462.3
1158463.3
1158464.3
1158465.3
1158466.3
1158467.3
1158468.3
1158469.3
1158470.3
1158471.3
1158472.3
1158473.3
1158474.3
1158475.3
1158476.3
1158478.3
1158479.3
1158480.3
1158481.3
1158483.3
1158484.3
1158487.3
1158488.3
1158489.3
1158490.3
1158492.3
1158493.3
1158495.3
1158496.3
1158497.3
1158498.3
1158499.3
1158500.3
1158502.3
1158503.3
1158504.3
1158505.3
1158506.3
1158507.3
1158508.3
1158509.3
1158510.3
1158511.3
1158513.3
1158514.3
1158515.3
1158518.3
1158520.3
1158521.3
1158522.3
1158523.3
1158525.3
1158526.3
1158527.3
1158528.3
1158529.3
1158530.3
1158533.3
1158534.3
1158535.3
1158536.3
1158537.3
1158538.3
1158539.3
1158598.4
1158600.4
1158602.4
1158610.4
1158620.3
1158621.3
1158622.3
1158623.3
1158625.3
1158626.3
1158627.3
1158629.3
1158631.3
1158632.3
1158634.3
1158635.3
1158637.3
1158642.3
1158653.6
1158654.3
1158655.3
1158658.3
1158660.3
1158661.3
1158662.3
1158664.3
1158666.3
1158667.3
1158668.3
1158678.3
1158682.3
1158683.3
1158684.3
1158685.3
1158686.3
1158687.3
1158688.3
1158689.3
1158690.3
1158692.3
1158693.3
1158694.3
1158695.3
1158696.3
1158697.3
1158698.3
1158699.3
1158700.3
1158701.3
1158702.3
1158703.3
1158706.3
1158707.3
1158708.3
1158709.3
1158710.3
1158711.3
1158712.3
1158756.3
1159022.3
1159026.3
1159029.3
1159045.3
1159049.3
1159055.3
1159064.3
1159080.3
1159085.3
1159086.3
1159088.3
1159089.3
1159091.3
1159092.3
1159093.3
1159094.3
1159098.3
1159100.3
1159101.3
1159102.3
1159488.5
1160283.3
1160702.3
1160703.3
1161101.3
1161392.3
1161401.3
1161422.3
1161424.3
1161744.3
1161745.3
1162283.5
1162287.3
1162294.5
1162296.3
1162302.3
1163065.3
1163386.3
1163391.3
1163393.3
1163394.3
1163395.4
1163396.3
1163397.3
1163398.3
1163399.5
1163738.3
1163745.3
1163747.3
1163751.3
1165091.3
1165094.3
1165939.3
1165940.3
1165941.3
1165942.3
1165943.3
1165944.3
1165945.3
1165946.3
1165947.3
1165949.3
1165950.3
1165951.3
1165952.3
1165953.3
116598.26
1166015.3
1166016.3
1167008.3
1167009.3
1167010.3
1167694.3
1167697.3
1168061.3
1168062.3
1168063.3
1168064.3
1168067.3
1168588.3
1169166.3
1169170.3
1169173.3
1169177.3
1169182.3
1169184.3
1169191.3
1169192.3
1169193.3
1169198.3
1169205.3
1169245.3
1169250.3
1169251.3
1169252.3
1169253.3
1169254.3
1169255.3
1169256.3
1169257.3
1169258.3
1169259.3
1169260.3
1169261.3
1169262.3
1169263.3
1169265.3
1169266.3
1169267.3
1169268.3
1169269.3
1169270.3
1169272.3
1169273.3
1169274.3
1169275.3
1169276.3
1169277.3
1169280.3
1169281.3
1169282.3
1169283.3
1169284.3
1169286.3
1169288.3
1169290.3
1169299.3
1169300.3
1169301.3
1169303.3
1169304.3
1169305.3
1169307.3
1169308.3
1169310.3
1169311.3
1169314.3
1169315.3
1169316.3
1169317.3
1169318.3
1169319.3
1169320.3
1169321.3
1169322.3
1169323.3
1169324.3
1169325.3
1169326.3
1169327.3
1169328.3
1169329.3
1169330.3
1169331.3
1169332.3
1169333.3
1169335.3
1169337.3
1169338.3
1169339.3
1169340.3
1169341.3
1169342.3
1169343.3
1169344.3
1169345.3
1169346.3
1169347.3
1169348.3
1169349.3
1169350.3
1169351.3
1169352.3
1169353.3
1169354.3
1169355.3
1169356.3
1169357.3
1169358.3
1169360.3
1169361.3
1169362.3
1169363.3
1169364.3
1169365.3
1169366.3
1169367.3
1169369.3
1169370.3
1169371.3
1169373.3
1169374.3
1169375.3
1169376.3
1169377.3
1169378.3
1169379.3
1169380.3
1169381.3
1169382.3
1169383.3
1169384.3
1169385.3
1169386.3
1169387.3
1169388.3
1169389.3
1169390.3
1169391.3
1169392.3
1169394.3
1169395.3
1169396.3
1169397.3
1169398.3
1169399.3
1169400.3
1169401.3
1169402.3
1169403.3
1169404.3
1169408.3
1169409.3
1169411.3
1169413.3
1169660.3
1169661.3
1169663.3
1169664.4
1169665.3
1169666.3
1169667.3
1169668.3
1169670.3
1169671.3
1169673.3
1169674.3
1169675.3
1169848.3
1169855.3
1169862.3
1169863.3
1171376.3
1171377.3
1172187.3
1172203.3
1172206.3
1173027.3
1173028.3
1173062.3
1173427.3
1173463.3
1173467.3
1173468.3
1173691.3
1173780.3
1173798.3
1173805.3
1173817.3
1173882.3
1173929.3
1173938.3
1173940.3
1173948.3
1173950.3
1173951.3
1174529.3
1175295.3
1175299.4
1175633.3
1176487.3
1176488.3
1176489.3
1176514.4
1177153.3
1177154.3
1177180.3
1177181.3
1177927.3
1177928.3
1177931.3
1178526.3
1178537.6
1179224.4
1179225.4
118168.3
1181724.3
1181725.3
1181726.3
1181727.3
1181728.3
1181730.3
1181731.3
1181732.3
1181733.3
1181734.3
1181735.3
1181736.3
1181737.3
1181738.3
1181739.3
1181740.3
1181742.3
1181743.3
1181744.3
1181745.3
1181746.3
1181747.3
1181748.3
1181749.3
1181750.3
1181751.3
1181752.3
1181754.3
1181755.3
1181756.3
1181758.3
1181759.3
1181760.3
1181761.3
1181762.3
1181763.3
1181765.3
1181767.3
1181768.3
1181770.3
1181771.3
1181773.3
1181774.3
1181775.3
1181776.3
1181777.3
1181778.3
1181779.3
1181780.3
1181781.3
1181782.3
1182167.3
1182590.4
1182653.3
1182654.3
1182655.3
1182656.3
1182657.3
1182658.3
1182659.4
1182660.3
1182662.3
1182664.3
1182665.3
1182666.3
1182667.3
1182669.3
1182670.3
1182672.3
1182673.3
1182675.3
1182676.3
1182677.3
1182678.3
1182679.3
1182680.3
1182681.3
1182682.3
1182683.3
1182684.3
1182685.3
1182686.3
1182687.3
1182689.3
1182690.3
1182691.3
1182693.3
1182694.3
1182695.3
1182696.3
1182697.3
1182698.3
1182699.3
1182700.3
1182701.3
1182702.3
1182703.3
1182704.3
1182706.3
1182707.3
1182708.3
1182709.3
1182710.3
1182711.3
1182712.3
1182713.3
1182714.3
1182715.3
1182716.3
1182717.3
1182718.3
1182719.3
1182720.3
1182721.3
1182722.4
1182723.3
1182724.3
1182725.3
1182726.3
1182728.3
1182729.3
1182730.3
1182731.3
1182732.3
1182733.3
1182734.3
1182735.3
1182736.3
1182737.3
1182738.3
1182756.4
1182758.3
1182783.3
1183154.3
1183155.3
1183378.4
1183379.4
1183380.4
1185325.3
1185327.3
1185414.3
1185418.3
1185419.3
1185420.3
1185421.3
1185652.3
1185656.3
1185657.3
1185658.3
1185659.3
1185661.3
1185662.3
1185663.3
1185665.3
1185666.3
1185667.3
1185668.3
1185669.3
1185670.3
1185671.3
1185672.3
1185673.3
1185674.3
1185675.3
1185676.3
1185677.3
1185678.3
1185679.3
1185680.3
1185681.3
1185682.3
1185683.3
1185684.3
1185685.3
1185686.3
1185687.3
1185688.3
1185689.3
1185691.3
1185702.3
1185704.3
1185705.3
1185706.3
1185710.3
1185714.3
1185715.3
1187851.3
1188007.3
1188257.3
1189079.4
1189618.3
1189622.3
1189623.5
1190569.3
1190570.3
1190571.3
1190574.3
1190576.3
1190578.3
1190579.3
1190580.3
1190581.3
1191061.3
1191280.5
1191298.3
1191300.3
1191302.3
1191303.3
1191322.3
1191323.3
1191324.3
1191326.3
1191460.4
1191475.3
1191522.3
1192560.5
1192585.4
1192588.4
1192590.4
1192591.4
1192592.4
1192593.4
1192688.3
1192689.4
1192864.3
1192866.3
1193010.3
1193012.3
1193013.3
1193029.3
1193040.3
1193041.3
1193045.3
1193046.3
1193047.3
1193048.3
1193053.3
1193054.3
1193057.3
1193059.3
1194078.4
1194086.3
1194149.3
1194150.3
1194151.3
1194152.3
1194153.3
1194154.3
1194156.3
1194157.3
1194158.3
1194395.4
1194397.4
1194401.4
1194402.4
1194403.4
1194406.4
1194407.4
1194409.4
1194415.4
1194416.4
1194417.4
1194420.4
1194422.4
1194423.4
1194706.3
1194707.3
1194708.3
1194709.3
1194714.3
1194715.3
1194716.3
1194717.3
1194718.3
1194719.3
1194970.3
1195244.3
1195457.3
1195464.3
119602.74
1196033.3
1196322.3
1196323.3
1196829.3
1196830.3
1196835.3
1197719.3
1197721.3
1197727.3
1198108.3
1198133.3
1198538.3
1198629.3
1198630.3
1198673.4
1200345.6
1200350.3
1200351.3
1200386.3
1201010.3
1201032.3
1201036.3
1201288.3
1201292.13
1202457.3
1202534.3
1203195.3
1203260.3
1203544.3
1203545.3
1203546.5
1203547.3
1203553.3
1203578.3
1203602.3
1204738.3
1205679.3
1205681.4
1205750.3
1205752.4
1206095.3
1206105.3
1206772.3
1206781.3
1206782.3
1207035.3
1207036.3
1207037.3
1207038.3
1207055.3
1207063.3
1207076.3
1207470.4
1207545.3
1208103.3
1208104.3
1208323.3
1208590.3
1208591.3
1208592.3
1208611.3
1208656.3
1208661.3
1208664.3
1209364.3
1209372.3
1210005.3
1210041.3
1210907.3
1211112.3
1211113.3
1211115.3
1211813.3
1211847.5
1212549.4
1212554.4
1212557.4
1212559.4
1212561.4
1212764.3
1212766.3
1212819.3
1212820.3
1213458.3
1213721.3
1213722.3
1213723.3
1213724.3
1213726.3
1213727.3
1213728.3
1213730.3
1213732.3
1213733.3
1213734.3
1214063.3
1214066.4
1214117.4
1214121.5
1214166.3
1214224.3
1214901.3
1214916.3
1215061.3
1215063.3
1215065.3
1215068.3
1215071.3
1215072.3
1215073.3
1215086.3
1215087.7
1215092.3
1215914.3
1215915.3
1216007.3
1216295.3
1216363.3
1216470.3
1216932.3
1216961.4
1217628.3
1217630.3
1217631.3
1217632.3
1217633.3
1217634.3
1217640.3
1217641.3
1217642.3
1217645.3
1217647.3
1217652.3
1217655.3
1217657.3
1217674.3
1217675.3
1217710.3
1217713.3
1217714.3
1217722.3
1217737.3
1218101.3
1218143.3
1218144.3
1218145.3
1218146.3
1218147.3
1218148.3
1218149.3
1218150.3
1218151.3
1218152.3
1218153.3
1218169.3
1218173.3
1218175.3
1218315.3
1218513.3
1218577.3
1218578.3
1218579.3
1218582.3
1218593.3
1218594.3
1218600.3
1219.26
1219013.5
1219061.25
1219064.3
1219067.16
1219076.12
1219077.9
1219375.3
1220026.3
1220595.3
1221244.3
1221245.3
1221246.3
1221247.3
1221248.3
1221251.3
1221252.3
1221253.3
1221254.3
1221255.3
1221256.3
1221257.3
1221258.3
1221259.3
1221260.3
1221261.3
1221262.3
1221263.3
1221264.3
1221265.3
1221266.3
1221267.3
1221268.3
1221269.3
1221270.3
1221271.3
1221273.3
1221274.3
1221275.3
1221276.3
1221278.3
1221279.3
1221281.3
1221282.4
1221283.3
1221284.3
1221285.3
1221286.3
1221287.3
1221288.3
1221289.3
1221290.3
1221292.3
1221296.3
1221300.4
1221301.4
1221302.3
1221303.3
1221304.3
1221306.4
1221307.3
1221309.3
1221310.3
1221311.3
1221327.3
1221520.3
1222031.3
1222032.3
1222033.3
1223501.3
1223542.3
1223545.3
1223564.3
1223568.7
1223570.8
1224136.3
1224139.3
1224140.3
1224141.3
1224142.3
1224147.5
1224150.8
1224151.5
1224152.6
1224154.5
1224165.3
1224166.3
1224742.7
1224744.7
1224747.3
1224919.3
1224920.3
1224924.3
1224925.3
1224926.3
1224927.3
1224928.3
1224929.3
1224930.3
1224931.3
1224932.3
1225174.5
1225780.3
1225781.3
1225782.3
1225783.3
1225786.10
1226322.3
1226323.3
1226324.3
1226333.3
1226334.3
1226343.12
1226344.7
1226994.3
1227262.3
1227264.3
1227276.3
1227361.3
1227363.6
1227812.5
1227814.3
1227924.3
1228988.4
1229202.3
1229281.3
1229484.3
1229485.3
1229493.5
1229517.3
1229521.3
1229783.3
1230338.3
1230477.3
1231190.3
1231336.3
1231377.3
1231383.3
1231392.3
1231725.3
1232150.3
1232151.3
1232154.3
1232188.3
1232192.4
1232193.4
1232194.4
1232195.4
1232196.4
1232197.3
1232203.4
1232426.4
1232436.3
1232672.3
1232673.3
1233099.4
1233171.3
1233245.3
1233524.3
1234128.4
1234142.5
1234382.3
1234592.3
1234597.14
1234601.3
1234871.3
1234873.3
1234875.3
1234877.3
1235275.3
1235276.3
1235277.3
1235278.3
1235440.3
1235441.3
1235442.3
1235443.3
1235444.3
1235454.3
1235456.3
1235458.3
1235459.3
1235460.3
1235473.3
1235479.3
1235788.3
1235792.3
1235805.3
1235829.3
1235835.3
1236101.6
1236102.6
1236481.3
1236522.3
1236524.3
1236549.3
1236974.5
1237149.3
1238195.3
1238199.3
1238208.3
1238209.3
1238213.3
1238218.3
1238224.3
1238231.4
1238430.3
1238431.3
1238432.3
1238441.3
1238446.3
1238447.3
1238448.3
1238449.3
1238450.3
1238451.3
1238885.4
1239786.3
1239787.3
1239789.3
1239790.3
1239791.3
1239989.3
1240348.7
1240385.3
1240676.3
1240687.3
1240758.3
1240759.3
1240760.3
1240761.3
1240762.3
1240763.3
1240764.3
1240765.3
1240766.3
1240767.3
1240768.3
1240769.3
1240770.3
1240771.3
1240772.3
1240773.3
1240774.3
1240775.3
1240776.3
1240777.3
1240778.3
1240779.3
1240783.3
1241935.4
1242865.3
1242965.3
1242966.3
1242968.3
1242969.3
1242991.3
1243181.3
1244083.3
1244085.3
1244140.4
1244142.4
1244144.4
1244150.4
1244151.4
1244152.4
1244154.4
1244528.3
1244869.3
1245.34
1245027.3
1245469.3
1245471.3
1245476.3
1245477.3
1245478.3
1246448.3
1246459.4
1246460.3
1246477.3
1246485.3
1246623.3
1246644.3
1247.149
1247529.3
1248232.3
1248411.3
1248417.3
1248438.3
1248724.3
1248823.7
1248902.3
1248903.6
1248915.3
1249526.3
1249531.3
1249621.3
1250520.3
1250998.3
1255374.3
1256195.3
1256196.3
1256197.3
1256198.3
1256199.3
1256200.3
1256202.3
1256204.3
1256209.3
1256210.3
1256211.3
1256212.3
1256214.3
1256215.3
1256216.3
1256219.3
1256220.3
1256221.3
1256225.3
1256229.3
1256230.3
1258564.3
1258567.3
1258580.3
1259824.4
1260356.4
1260357.4
1260358.4
1260359.4
1260360.4
1260361.4
1260363.4
1260624.3
1261058.4
1261061.4
1261062.4
1261063.4
1261066.4
1261067.4
1261068.4
1261072.3
1261125.3
1261126.6
1261128.3
1261556.3
1261557.3
1261621.3
1262136.4
1262449.8
1262465.3
1262466.3
1262650.3
1262652.4
1262663.10
1262664.3
1262684.3
1262697.3
1262698.3
1262705.3
1262706.3
1262708.3
1262735.3
1262749.3
1262751.3
1262755.3
1262758.3
1262779.3
1262780.3
1262781.3
1262788.3
1262790.3
1262794.3
1262798.3
1262800.3
1262803.3
1262805.3
1262814.3
1262819.3
1262824.3
1262825.3
1262831.3
1262832.3
1262842.3
1262843.3
1262851.3
1262862.3
1262868.3
1262869.3
1262871.3
1262874.3
1262884.3
1262886.3
1262888.3
1262893.3
1262898.3
1262899.3
1262900.3
1262909.3
1262910.3
1262911.3
1262914.3
1262917.3
1262918.3
1262919.3
1262921.3
1262923.3
1262926.3
1262928.3
1262936.3
1262946.3
1262949.3
1262951.3
1262952.3
1262954.3
1262958.3
1262961.3
1262962.3
1262963.3
1262967.3
1262968.3
1262975.3
1262980.3
1262983.3
1262985.3
1262988.3
1262989.3
1262991.3
1262995.3
1262998.3
1262999.3
1263000.3
1263001.3
1263002.3
1263005.3
1263006.3
1263011.3
1263013.3
1263014.3
1263021.3
1263022.3
1263023.3
1263025.3
1263030.3
1263033.3
1263036.3
1263044.3
1263052.3
1263055.3
1263058.3
1263065.3
1263068.3
1263073.3
1263075.3
1263076.3
1263079.3
1263080.3
1263083.3
1263085.3
1263087.3
1263094.3
1263099.3
1263100.3
1263101.3
1263108.3
1263410.4
1263833.3
1263864.3
1263871.3
1264675.3
1265309.4
1265502.3
1265503.3
1265504.3
1265613.3
1265615.3
1265617.3
1265618.3
1265619.3
1265620.3
1265621.3
1265623.3
1265624.3
1265625.3
1265627.3
1265628.3
1265629.3
1265632.3
1265633.3
1265634.3
1265635.3
1265638.3
1265639.3
1265640.3
1265644.3
1265645.3
1265647.3
1265648.3
1265650.3
1265652.3
1265653.3
1265654.3
1265656.3
1265658.4
1265659.3
1265660.3
1265661.3
1265662.3
1265666.3
1265667.3
1265668.3
1265669.3
1265670.3
1265672.3
1265675.3
1265680.3
1265681.3
1265756.3
1265757.6
1265868.3
1266069.3
1266070.3
1267004.3
1267512.3
1267753.3
1267897.3
1268061.3
1268076.3
1268077.3
1268079.3
1268236.3
1268668.3
1268975.3
1268976.3
1268977.3
1268978.3
1268979.3
1268980.3
1268981.3
1268982.3
1268983.3
1268984.3
1268985.3
1268986.3
1268987.3
1268988.3
1268989.3
1268990.3
1268991.3
1268992.3
1268993.3
1268994.3
1268995.3
1268996.3
1268997.3
1268998.3
1268999.3
1269000.3
1269001.3
1269002.3
1269003.3
1269004.3
1269005.3
1269006.3
1269007.3
1269008.3
1269009.3
1269010.3
1271863.3
1273103.4
1273125.3
1273173.3
1273540.4
1274374.4
1274524.3
1274814.3
1275966.3
1275968.3
1275969.3
1275970.3
1275972.5
1275975.3
1275976.3
1275977.3
1276282.3
1276652.3
1276653.3
1278070.3
1278071.4
1278072.4
1278074.4
1278075.4
1278076.4
1278302.3
1278971.3
1279005.3
1279007.3
1279008.3
1279010.3
1279012.3
1279016.3
1279017.3
1279038.3
127906.63
1280.8239
1280380.3
1280692.3
1280936.3
1280938.3
1280951.3
1280956.3
1280957.3
1280958.3
1280959.3
1280960.3
1280961.3
1280962.3
1280965.3
1280966.3
1280967.3
1280968.3
1280970.3
1280974.3
1280975.3
1280976.3
1280977.3
1280978.3
1280979.3
1280980.3
1280981.3
1280982.3
1280983.3
1280984.3
1280985.3
1280986.3
1280987.3
1280988.3
1280990.3
1280991.3
1280992.3
1280993.3
1280994.3
1280995.3
1280996.3
1280997.3
1280998.3
1280999.3
1281000.3
1281002.3
1281003.3
1281004.3
1281005.3
1281006.3
1281007.3
1281008.3
1281009.3
1281010.3
1281011.3
1281012.3
1281013.3
1281014.3
1281015.3
1281017.3
1281018.3
1281019.3
1281020.3
1281021.3
1281022.3
1281023.3
1281024.3
1281026.3
1281027.3
1281028.3
1281029.3
1281031.3
1281032.3
1281034.3
1281036.3
1281038.3
1281039.3
1281040.3
1281042.3
1281043.3
1281044.3
1281045.3
1281046.3
1281048.3
1281049.3
1281050.3
1281051.3
1281052.3
1281053.3
1281054.3
1281055.3
1281056.3
1281057.3
1281058.3
1281059.3
1281061.3
1281062.3
1281063.3
1281064.3
1281065.3
1281066.3
1281067.3
1281068.3
1281069.3
1281070.3
1281072.3
1281073.3
1281074.3
1281075.3
1281076.3
1281077.3
1281078.3
1281079.3
1281080.3
1281081.3
1281082.3
1281083.3
1281084.3
1281085.3
1281086.3
1281087.3
1281088.3
1281089.3
1281090.3
1281091.3
1281092.3
1281093.3
1281094.3
1281095.3
1281096.3
1281098.3
1281099.3
1281100.3
1281101.3
1281102.3
1281103.3
1281104.3
1281105.3
1281106.3
1281107.3
1281108.3
1281109.3
1281110.3
1281111.3
1281112.3
1281113.3
1281114.3
1281115.3
1281116.3
1281117.3
1281118.3
1281119.3
1281120.3
1281121.3
1281123.3
1281125.3
1281126.3
1281128.3
1281129.3
1281130.3
1281132.3
1281133.3
1281134.3
1281135.3
1281136.3
1281137.3
1281138.3
1281139.3
1281140.3
1281141.3
1281142.3
1281143.3
1281144.3
1281145.3
1281146.3
1281147.4
1281148.3
1281149.3
1281150.3
1281151.3
1281152.3
1281153.3
1281154.3
1281155.3
1281156.3
1281157.3
1281158.3
1281159.3
1281161.3
1281162.3
1281163.3
1281164.3
1281165.3
1281166.3
1281167.3
1281168.3
1281169.3
1281170.3
1281171.3
1281172.3
1281173.3
1281174.3
1281175.3
1281176.3
1281177.3
1281179.3
1281180.3
1281181.3
1281182.3
1281183.3
1281184.3
1281185.3
1281186.3
1281187.3
1281188.3
1281189.3
1281190.3
1281192.3
1281193.3
1281195.3
1281196.3
1281197.3
1281198.3
1281199.3
1281200.3
1281201.3
1281202.3
1281203.3
1281204.3
1281205.3
1281206.3
1281208.3
1281209.3
1281210.3
1281211.3
1281212.3
1281214.3
1281215.3
1281216.3
1281217.3
1281218.3
1281219.3
1281220.3
1281222.3
1281224.3
1281226.3
1281227.3
1281230.3
1281231.3
1281232.3
1281233.3
1281234.3
1281235.3
1281236.3
1281237.3
1281238.3
1281239.3
1281241.3
1281242.3
1281243.3
1281244.3
1281245.3
1281246.3
1281247.3
1281248.3
1281249.3
1281250.3
1281251.3
1281253.3
1281254.3
1281255.3
1281256.3
1281258.3
1281259.3
1281262.3
1281263.3
1281264.3
1281265.3
1281266.3
1281267.3
1281268.3
1281269.3
1281270.3
1281271.3
1281272.3
1281274.3
1281275.3
1282.532
1282356.3
1282357.3
1282358.3
1282362.3
1282664.3
1282876.3
1283.71
1283280.3
1283285.4
1283293.3
1284223.3
1284664.3
1284787.3
1284788.3
1284789.4
1284790.3
1284791.4
1284792.4
1284793.4
1284794.4
1284795.4
1284796.3
1284797.4
1284798.4
1284799.4
1284800.4
1284801.3
1284802.4
1284803.4
1284804.4
1284805.4
1284806.4
1284807.4
1284808.4
1284809.4
1284810.3
1284811.3
1284812.3
1284813.3
1284814.3
1284815.3
1284816.3
1284817.3
1284818.4
1284819.3
1284820.3
1284821.3
1284822.3
1284823.3
1284824.3
1284825.3
1284826.3
1284827.3
1284828.3
1284829.3
1284830.3
1284831.3
1284832.3
1284833.4
1284834.3
1285581.3
1285585.3
1285586.5
1286093.3
1286094.4
1286106.3
1286151.3
1286170.3
1286307.3
1286331.3
1286332.3
1286333.3
1286334.3
1286335.3
1286336.3
1286337.3
1286338.3
1286339.3
1286340.3
1286341.3
1286342.3
1286343.4
1286344.3
1286345.3
1286346.3
1286348.3
1286350.4
1286351.3
1286352.3
1286353.3
1286354.3
1287066.3
1287887.3
1288.60
1288122.3
1288294.3
1288295.3
1288296.3
1288394.3
1288484.3
1288492.4
1288494.3
1288826.3
1289135.4
1289590.3
1290.54
1290392.3
1290393.3
1290996.3
1291304.3
1291310.3
1291354.3
1291355.3
1291356.3
1291361.3
1291534.3
1292024.3
1292036.3
1292037.4
1292372.3
1293289.3
1293574.3
1294138.3
1294139.3
1294141.3
1294142.3
1294143.3
1294269.3
1294271.3
1294272.3
1294275.3
1295076.3
1295140.4
1295141.3
1295392.4
1295527.3
1297584.3
1298599.4
1298865.3
1298917.3
1298927.3
1298929.3
1299333.3
1300254.3
1300256.3
1300257.3
1300259.3
1300351.3
1301086.3
1301087.3
1301088.3
1302.33
1302421.3
1302425.3
1303.73
1303780.3
1303781.3
1303782.3
1303784.3
1303785.3
1303786.3
1303787.3
1304916.4
1304917.4
1304918.4
1304919.4
1304920.3
1304921.4
1304922.3
1304923.3
1304924.3
1305598.3
1305731.5
1305735.4
1306162.3
1306165.3
1306950.3
1307.427
1307437.4
1308.90
1308540.3
1308981.3
1308983.3
1308984.3
1309.85
1309807.3
1310158.5
1310162.3
1311.431
1311573.5
1311759.4
1311760.4
1312367.3
1312879.3
1313.6806
1313264.3
1314.164
1314835.3
1314885.4
1315312.289
1315313.17
1315314.5
1315975.3
1315976.3
1315978.3
1316923.3
1316932.3
1316934.3
1316935.3
1316936.3
1317130.3
1317131.3
1317678.3
1318633.3
1320322.3
1321369.3
1321370.3
1321371.5
1321774.3
1321779.3
1321786.3
1321820.3
1321821.3
1321823.3
1321938.4
1321939.7
1321941.5
1322345.3
1322346.3
1323661.3
1323663.3
1324966.3
1324967.4
1327986.3
1327998.3
1328309.5
1328362.3
1328363.3
1328365.3
1328366.3
1328367.3
1328368.3
1328369.3
1328374.3
1328377.3
1328379.3
1328381.3
1328383.3
1328385.3
1328386.3
1328387.3
1328389.3
1328390.3
1328391.3
1328394.3
1328398.3
1328399.3
1328400.3
1328401.3
1328402.3
1328403.3
1328404.3
1328406.3
1328407.3
1328408.3
1328409.3
1328410.3
1328411.3
1328412.3
1328413.3
1328414.3
1328416.3
1328417.3
1328419.3
1328421.3
1328423.3
1328427.3
1328431.3
1328432.3
1328433.3
1328434.3
1328435.3
1328436.3
1328437.3
1328438.3
1328440.3
1328441.3
1328442.3
1328443.3
1328444.3
1328445.3
1328446.3
1328447.3
1328449.3
1328450.3
1328859.4
1329363.3
1329364.3
1329365.3
1329366.3
1329796.3
1329811.3
1329814.3
1329817.3
1329818.3
1329819.3
1329823.3
1329825.3
1329826.3
1329828.3
1329829.3
1329830.3
1329832.3
1329834.3
1329835.3
1329839.3
1329844.4
1329845.3
1329846.6
1329852.3
1329853.3
1329854.3
1329855.3
1329856.3
1329901.3
1329902.3
1329903.3
1329904.3
1329905.3
1329906.3
1330035.3
1330037.3
1330038.4
1330039.4
1330042.3
1330044.3
1330458.3
1330535.3
1330536.3
1330537.3
1331008.3
1331059.3
1331061.3
1331062.3
1331063.3
1331064.3
1331065.3
1331248.4
1331249.3
1331279.3
1331281.3
1332069.3
1332070.3
1333535.3
1333536.3
1333539.3
1333853.3
1333854.3
1333855.3
1333857.3
1333998.3
1334187.3
1334627.3
1334631.3
1335303.3
1335304.3
1335307.3
1335760.3
1335916.3
1336.5
1336247.3
1336252.3
1336746.3
1336752.4
1336753.3
1337384.3
1337385.3
1337394.3
1337395.3
1337887.3
1337888.4
1337997.4
1338009.3
1338032.3
1338034.3
1339240.3
1339263.3
1339265.3
1340486.4
1340493.3
1340495.3
1340854.3
1341683.5
1341693.3
1342302.3
1343063.3
1343071.3
1343737.3
1343836.3
1344577.3
1344578.3
1344990.4
1344993.4
1344995.4
1345000.4
1346287.3
1346615.3
1346790.4
1346791.3
1347420.3
1347789.3
1348.9
1348245.3
1348393.3
1348582.3
1348583.3
1348584.3
1348585.3
1349417.3
1350465.3
1350466.4
1350470.3
1351.503
1351754.4
1351817.3
1352.803
1352343.3
1352603.4
1352929.3
1352943.3
1353980.3
1354303.4
1355100.3
1355531.3
1357297.3
1357994.3
1358.50
1358410.3
1359.37
1360.110
1363.37
1365653.3
1365654.3
1365655.3
1365656.3
1365657.3
1365659.3
1365660.3
1365661.3
1366053.4
1367443.3
1368424.3
13689.9
1370107.3
137591.27
1378069.5
1380600.3
1380771.3
1380908.3
1381116.3
1381117.3
1381118.3
1381119.3
1381121.4
1381124.3
1381559.3
1382366.3
1382595.4
1382700.12
1384040.4
1385625.5
1385855.3
1385935.3
1386078.3
1386083.3
1387197.3
1387231.3
1388760.3
1388762.3
1388763.4
1388764.3
1389415.4
1389417.3
1389418.3
1389419.3
1389420.3
1389423.3
1389424.3
1390076.3
1390078.3
1390081.3
1390084.3
1390360.3
1390370.3
1390372.3
1391465.3
1391469.3
1391486.3
1391487.3
1391497.3
1392.63
1392007.3
1395125.3
1395571.3
1396.149
1396830.3
1396859.3
1397108.6
1397528.3
1399116.3
1399145.3
1399146.3
1399771.3
1399772.3
1400147.3
1400148.3
1400156.3
1400157.3
1400158.3
1400159.3
1400160.3
1400161.3
1400162.3
1400172.3
1400175.3
1400177.3
1400178.3
1400180.3
1400181.3
1400182.3
1400184.3
1400185.3
1400797.3
1400798.3
1400867.3
1400868.3
1401243.3
1401244.3
1401259.3
1401327.3
1401659.3
1402135.7
1402485.3
1402486.3
1402487.3
1402488.3
1402489.3
1402490.3
1402491.3
1402492.3
1402493.3
1402494.3
1402496.3
1402497.3
1402498.3
1402499.3
1402500.3
1402501.3
1402502.3
1402503.3
1402504.3
1402505.4
1402507.3
1402508.3
1402509.3
1402510.3
1402512.3
1402514.3
1402515.3
1402516.3
1402517.3
1402518.3
1402519.3
1402521.3
1402522.3
1402523.3
1402524.3
1402525.3
1402527.3
1402528.3
1402532.3
1402536.3
1402537.3
1402542.3
1402543.3
1402544.3
1402545.3
1402546.3
1402547.3
1402549.3
1402550.3
1402551.3
1402552.3
1402553.3
1402554.3
1402556.3
1402557.3
1402558.3
1402559.3
1402560.3
1402561.3
1402562.3
1402563.3
1402564.3
1402565.3
1402566.3
1402567.3
1402568.3
1402569.3
1402571.3
1402572.3
1402573.3
1402574.3
1402575.3
1402576.3
1402577.3
1402578.3
1402579.3
1402580.3
1402680.3
1403329.3
1403330.3
1404.43
1405292.3
1405293.3
1405294.3
1405295.3
1406857.3
1406863.3
1407059.3
1408.99
1408178.4
1408193.3
1408260.3
1408271.3
1408272.3
1408273.3
1408274.3
1408275.3
1408276.3
1408277.3
1408443.3
1409.8
1410619.3
1410655.3
1410918.3
1410926.3
1410927.3
1410928.3
1410929.3
1410930.3
1410931.3
1410932.3
1410933.3
1410936.3
1410937.3
1411645.3
1411692.3
1411693.3
1411695.3
1411696.3
1411697.3
1411700.4
1411701.3
1412816.3
1412817.3
1412818.3
1412819.3
1412820.3
1412821.3
1412822.3
1412823.3
1412824.3
1412825.3
1412826.3
1412827.3
1412828.3
1412831.3
1412836.3
1412838.3
1412896.3
1412897.3
1414586.3
1414851.3
1415159.3
1415160.3
1415161.3
1415163.3
1415170.5
1415626.4
1415629.8
1415630.3
1415754.3
1415755.3
1415758.3
1415759.3
1415761.3
1415764.3
1415766.3
1415774.5
1415778.3
1415779.3
1417296.3
1417796.3
1417985.4
1418245.3
1419876.3
1420012.3
1420596.3
1420917.4
1423.355
1423141.3
1423144.3
1423751.3
1423758.3
1423780.4
1423807.3
1423814.6
1423816.3
1423822.7
1424337.3
1427342.3
1428.400
1428454.3
1430.6
1431713.3
1432548.3
1432549.3
1432551.3
1432555.3
1432559.3
1433131.3
1434110.5
1434267.3
1435377.6
1437068.3
1437818.3
1437838.3
1437872.3
1438668.3
1438670.3
1438671.3
1438672.3
1438673.3
1438674.3
1438675.3
1438676.3
1438677.3
1438679.3
1438680.3
1438682.3
1438683.3
1438684.3
1438686.3
1438687.3
1438688.3
1438689.3
1438695.3
1438697.3
1438699.3
1438701.3
1438703.3
1438705.3
1438708.3
1438709.3
1438711.3
1438712.3
1438713.3
1438714.3
1438717.3
1438718.3
1438720.3
1438723.3
1438724.3
1438725.3
1438726.3
1438728.3
1438729.3
1438731.3
1438732.3
1438733.3
1438734.3
1438735.3
1438736.3
1438737.3
1438738.3
1438739.3
1438740.3
1438742.3
1438743.3
1438744.3
1438745.3
1438746.3
1438747.3
1438750.3
1438751.3
1438752.3
1438755.3
1438756.3
1438757.3
1438758.3
1438759.3
1438760.3
1438762.3
1438763.3
1438764.3
1438765.3
1438766.3
1438767.3
1438768.3
1438769.3
1438770.3
1438771.3
1438773.3
1438774.3
1438775.3
1438776.3
1438777.3
1438778.3
1438780.3
1438781.3
1438782.3
1438784.3
1438790.3
1438794.3
1438796.3
1438802.3
1438806.3
1438810.3
1438988.3
1438995.3
1438999.3
1439000.3
1439001.3
1439006.3
1439008.3
1439010.3
1439014.3
1439015.3
1439026.3
1439027.3
1439048.3
1439055.3
1439057.3
1439066.3
1439067.3
1439071.3
1439072.3
1439073.3
1439076.3
1439077.3
1439079.3
1439080.3
1439090.3
1439091.3
1439106.3
1439111.3
1439115.3
1439118.3
1439139.3
1439141.3
1439146.3
1439147.3
1439153.3
1439159.3
1439162.3
1439169.3
1439170.3
1439176.3
1439183.3
1439185.3
1439193.3
1439205.3
1439207.3
1439208.3
1439225.3
1439236.3
1439243.3
1439246.3
1439271.3
1439273.3
1439276.3
1439288.3
1439294.3
1439299.3
1439309.3
1439310.3
1439314.3
1439324.3
1440052.3
1440056.3
1441608.4
1443109.3
1443111.3
1443123.3
1444036.3
1444037.3
1444038.3
1444039.3
1444040.3
1444041.3
1444042.3
1444044.3
1444047.3
1444048.3
1444049.3
1444050.3
1444051.3
1444054.3
1444055.3
1444056.3
1444057.3
1444058.3
1444061.3
1444062.3
1444063.3
1444064.3
1444065.3
1444067.3
1444068.3
1444070.3
1444071.3
1444073.3
1444076.3
1444077.3
1444078.3
1444079.3
1444080.3
1444081.3
1444082.3
1444083.3
1444085.3
1444086.3
1444087.3
1444089.3
1444090.3
1444091.3
1444092.3
1444096.3
1444098.3
1444100.3
1444101.3
1444102.3
1444104.3
1444105.3
1444106.3
1444107.3
1444108.3
1444110.3
1444111.3
1444112.3
1444114.3
1444115.3
1444116.3
1444117.3
1444120.3
1444121.3
1444123.3
1444126.3
1444127.3
1444128.3
1444129.3
1444130.3
1444131.3
1444132.3
1444133.3
1444134.3
1444135.3
1444136.3
1444138.3
1444139.3
1444140.3
1444142.3
1444143.3
1444144.3
1444145.3
1444146.3
1444147.3
1444148.3
1444150.3
1444151.3
1444152.3
1444153.3
1444155.3
1444156.3
1444157.3
1444158.3
1444159.3
1444160.3
1444162.3
1444163.3
1444164.3
1444165.3
1444166.3
1444167.3
1444170.3
1444172.3
1444173.3
1444174.3
1444175.3
1444176.3
1444178.3
1444179.3
1444181.3
1444183.3
1444184.3
1444186.3
1444187.3
1444188.3
1444189.3
1444191.3
1444192.3
1444197.3
1444198.3
1444199.3
1444200.3
1444202.3
1444204.3
1444205.3
1444206.3
1444207.3
1444208.3
1444209.3
1444210.3
1444211.3
1444212.3
1444215.3
1444216.3
1444217.3
1444218.3
1444219.3
1444223.3
1444228.3
1444234.3
1444235.3
1444236.3
1444237.3
1444238.3
1444239.3
1444240.3
1444242.3
1444243.3
1444244.3
1444245.3
1444246.3
1444248.3
1444251.3
1444253.3
1444254.3
1444256.3
1444258.3
1444261.3
1444262.3
1444263.3
1444264.3
1444265.3
1444266.3
1444267.3
1444268.3
1444269.3
1444271.3
1444272.3
1444273.3
1444274.3
1444275.3
1444276.3
1444277.3
1444278.3
1444279.3
1444280.3
1444282.3
1444308.3
1447534.3
1447535.3
1447536.3
1448140.3
1449980.3
1449984.3
1449985.3
1450513.3
1450514.3
1450515.3
145261.3
1452721.3
1453472.3
1455599.3
1455600.3
1457187.3
1457192.3
1457300.3
1458265.3
1458461.3
1461581.4
1461694.3
1461766.3
1462.6
1462526.3
1464.24
1465.13
1469613.3
1479235.3
1482.6
1484460.3
1489064.4
1491.409
1495336.3
149539.534
1496.850
1496690.4
1499683.4
1499686.3
1501269.3
1502.218
150340.19
150396.3
1504981.3
1507.3
1509.24
1513.39
1515746.3
1517681.3
1519.9
1523412.3
152480.10
1525218.3
1530186.3
1537702.3
1541959.3
1541960.3
1547445.3
1550399.3
1550401.3
155864.43
155892.3
155919.4
156586.6
1577903.3
1577904.3
1580.90
1580062.3
1582.78
1585.18
1587.24
158879.11
1590.369
1591.6
1596.51
1597.53
160490.10
160491.19
160492.11
1608628.3
1610576.5
1613.36
161398.10
161528.3
1616823.3
1618204.4
1622233.3
1629550.3
1639.999
164513.4
1648.208
1648404.4
1655.49
1658765.3
166314.3
1667.3
167539.5
167879.5
169963.11
170651.7
171693.4
1718.83
1744.36
1747.91
1764.11
1770.26
1771.11
1771959.3
1772.19
1773.999
179408.3
180281.4
180282.10
1824.3
1829.18
183190.5
1833.80
186103.3
187410.11
187420.15
1894.3
189423.5
190485.4
190650.5
1911.9
192.50
1931.11
193567.3
194867.4
195099.5
196600.6
196620.5
197.6736
198214.7
198215.6
198466.3
199310.4
2055.8
205922.5
208435.3
208963.12
208964.12
209261.6
209882.4
210.2441
211586.12
2133.18
213554.3
214092.21
214688.26
2148.8
216432.7
216591.5
216592.3
216595.4
216597.6
216599.12
216895.17
218491.5
218493.5
220341.7
2209.94
221109.4
221126.7
221988.4
222534.3
223926.6
224308.43
224911.5
224914.51
225849.4
225937.3
226185.9
226900.8
228399.5
228400.7
2287.9
232348.3
233412.5
235.20
2371.54
237727.5
240292.6
243265.5
243277.26
243365.4
244592.3
246196.57
246197.24
246200.7
247634.3
247639.3
257310.5
257314.6
259536.19
260799.14
262724.6
262727.7
262728.6
265669.9
267409.5
267410.6
269482.11
269801.10
271848.6
272123.3
272556.10
272557.25
272560.6
272563.8
272622.10
272623.7
272626.9
272629.3
272942.6
273036.6
273057.12
273063.9
273123.14
2756.16
279714.3
279808.8
28037.210
28108.53
28141.113
28147.4
28229.3
282458.4
282459.5
28258.4
283699.3
283942.6
28442.6
28447.4
28450.457
286604.5
286636.3
286783.3
287.3601
287752.4
28901.908
289380.15
290338.8
290400.10
291112.3
292.74
29339.55
293653.4
29385.150
29388.48
29397.9
294.90
29449.15
29459.157
29461.11
29471.27
29491.33
294934.5
29495.15
29497.12
29570.3
298701.3
300.7
300269.12
300852.9
301.9
303.200
303682.3
305.99
305700.3
306254.7
306263.5
306264.5
312284.4
313589.5
313595.4
313598.6
313606.3
313624.11
314262.5
314264.4
314267.6
314271.5
314280.5
314285.4
314288.6
314289.8
314565.5
314865.3
315730.11
316.108
316273.25
316275.15
316385.7
316401.27
316435.3
317.250
319.17
319017.3
319224.16
319701.6
319705.57
32022.87
320373.5
320374.4
32042.3
32051.5
321956.7
324831.13
325240.15
325473.3
329.18
330.44
331111.12
331272.8
331869.3
333990.5
334406.4
335284.6
335659.3
335992.9
338187.8
339.66
33903.11
33959.146
33966.4
33967.4
339671.7
339854.8
339860.19
34.7
340.17
340184.27
340185.4
340186.5
340188.11
340197.5
34021.12
34085.28
342108.9
342109.8
342110.8
342613.36
342614.4
342615.4
342617.4
343509.12
344601.10
344609.11
345072.13
345073.21
345075.31
345076.18
347.13
347495.3
347834.17
349102.13
349106.9
349746.12
349747.9
349966.8
349968.5
350703.9
350704.7
351348.9
352165.3
35743.3
357809.8
358.92
358709.5
359786.13
359787.11
360094.4
360099.5
360102.15
360313.3
361100.6
365528.3
365659.3
366649.7
367459.5
36855.4
370551.4
370552.6
370553.4
370554.4
371731.3
373153.27
37326.7
373384.11
373665.6
373994.3
374927.4
374928.4
374933.4
375.37
375063.4
375177.4
375286.7
375432.4
375451.30
37762.5
377628.10
378806.8
37916.4
379731.5
381.62
381754.6
382.61
382640.5
383381.3
383631.3
383911.3
384.11
384676.9
386429.3
386585.9
387092.6
388272.4
388384.3
388399.4
388400.4
391586.4
391589.3
391591.24
391595.3
391601.3
391603.3
391613.3
391615.3
391774.8
391937.3
392500.6
393117.11
393118.7
393120.39
393122.12
393123.7
393125.10
393127.4
393128.7
393130.8
393131.7
393133.8
393305.7
396597.7
397287.3
397288.3
397290.3
397291.3
397945.6
398261.3
398579.7
398580.10
399739.8
399741.7
400668.8
400971.3
401650.12
40214.23
402626.5
402881.8
40324.125
404214.5
404215.6
404216.5
404217.5
404218.5
404589.10
404974.7
405440.5
405441.5
405531.7
405532.5
405536.3
405917.4
405948.14
405955.13
406556.6
406557.5
406559.5
406560.5
406561.5
406562.5
406817.27
406818.4
409438.11
410291.13
410332.4
411460.6
411462.6
411463.4
411464.8
411468.9
411472.5
411473.3
411475.3
411486.3
411902.9
412420.6
412597.3
412614.24
412694.7
412883.10
412966.10
412967.9
413502.11
413997.3
416870.9
417397.11
417398.15
417399.11
417400.19
420662.15
420890.5
420915.3
422289.4
423368.25
423471.3
423472.3
425067.3
426117.7
426355.14
426430.8
427081.3
427082.3
428125.8
428128.7
428406.5
42897.19
431943.8
434085.3
43655.3
43767.14
439184.6
439843.8
439847.5
439851.8
439855.10
440085.6
440496.3
440534.5
441153.4
441154.4
441156.5
441157.9
441158.4
441159.4
441160.4
441162.12
441163.11
441164.8
441165.3
441166.4
441620.7
441768.5
441769.6
441770.6
444447.5
444448.5
444449.5
444450.8
444451.5
444452.5
444453.5
444454.5
444461.3
445334.5
445337.5
447214.4
448385.16
449673.7
450394.6
450396.6
450749.3
451515.3
451516.9
451640.5
451707.4
451709.7
451754.5
451755.5
451756.6
452948.4
453362.4
453363.4
453365.4
454165.5
454168.5
454169.8
455227.3
455631.3
456298.5
457387.3
457401.3
457412.4
457427.3
458817.8
45972.8
46170.303
46503.4
465516.5
465517.10
465518.5
469008.4
469590.5
469594.3
469598.5
469608.3
469614.3
469618.3
470.570
470145.6
470735.4
471.18
471223.3
471872.6
471874.6
471876.6
471881.3
472175.8
473781.5
475609.3
476213.4
476272.21
476282.6
47715.90
478004.5
478005.5
478006.5
478007.5
478008.5
478749.5
479831.4
479832.7
479833.4
479834.4
482234.3
483218.5
484021.57
486408.6
486410.3
486619.4
486620.3
486621.3
486622.3
486623.3
486624.3
487214.5
487215.4
487316.5
488223.4
488538.3
489825.4
490759.3
491075.5
493915.3
495036.3
496064.4
496066.3
496067.4
497962.4
497963.4
497974.4
497976.4
497980.3
499174.4
499175.4
499176.4
500634.6
500638.3
500639.8
501479.3
502346.5
502347.3
502800.6
504487.5
505321.3
507522.6
511062.4
511145.186
512767.4
512768.4
512769.4
515620.4
51663.56
517433.4
517722.3
518.17
518636.5
520999.6
521004.3
521674.6
522373.3
52258.7
523791.5
523796.5
523829.4
523845.5
525243.3
525258.3
525259.3
525278.3
525281.3
525330.7
525341.3
525361.3
525362.12
52598.8
526970.3
526975.3
526977.6
526990.3
526998.3
527001.3
527002.3
527005.3
527012.3
527020.3
527021.10
527024.3
527027.3
528345.7
528347.5
528351.3
528352.11
528353.5
529122.4
529885.3
530557.3
533240.4
533247.5
535026.3
536227.13
537007.6
537021.9
537937.5
541229.3
543302.3
543539.3
543540.3
543734.4
54388.99
544404.4
544556.5
544875.4
545243.4
545431.3
54571.10
546.134
546231.4
546264.5
546265.8
546267.4
546268.4
546340.3
546342.4
546343.3
547046.3
547047.3
547048.4
547468.4
548.99
548470.3
548473.6
548475.3
548476.7
548485.3
549.42
550.457
550540.3
550542.5
550672.3
550673.3
550674.3
550676.3
550677.3
550682.3
550685.3
550694.3
550984.5
551789.3
551936.3
551947.3
552398.3
552536.6
553177.6
553191.3
553209.3
553212.3
553217.3
553218.4
553220.3
553482.3
553565.3
553568.3
553571.3
553573.3
553577.3
553580.3
553581.3
553588.3
553590.4
553594.3
553596.3
553601.3
554.14
555.24
555311.12
555500.3
55601.77
556258.5
556264.3
556266.3
556268.6
557601.3
557722.4
558269.5
558270.8
559301.5
559737.3
56110.3
561175.3
561231.5
561276.4
561307.5
562.7056
562020.3
563045.3
563174.3
563771.3
563772.3
563773.3
564066.3
564420.7
56449.3
56460.15
565143.3
565636.4
565637.4
565638.4
565641.4
565642.4
565643.5
565644.5
565645.4
565646.5
565647.5
565657.5
565662.4
565665.3
566466.4
566546.4
566550.8
566679.3
56730.5
568708.3
568709.5
568766.10
569881.3
570506.3
570509.6
570952.3
571.68
571800.3
573.9631
573059.4
573060.9
573061.5
573235.3
573395.5
574521.7
574966.4
575564.3
575584.19
575596.3
575597.3
575599.3
576.34
579405.3
579478.3
579483.3
579484.3
579607.4
579748.3
57975.9
580.7
58051.5
582.34
582744.3
583355.3
584.98
585035.6
585054.5
585055.8
585056.7
585057.6
585143.3
585145.3
585146.3
585148.3
585149.6
585150.3
585153.3
585154.3
585156.3
585157.3
585158.3
585159.3
585160.3
585203.3
585395.4
585396.4
585397.9
585423.3
585425.3
585502.3
585517.3
585535.5
585544.3
58712.8
587753.9
588858.6
589873.3
590409.4
591020.3
591023.4
591946.4
59201.252
592014.3
59202.5
592027.3
592029.3
59204.14
592313.3
593105.3
593585.3
593586.3
593587.4
593588.5
593589.3
594.9
595460.3
595495.5
595496.3
595501.4
595537.3
596312.3
596315.3
596318.3
596323.3
596325.3
59843.4
59919.7
59920.5
59922.8
59931.4
60550.7
611.81
615.363
616.14
617131.3
617132.3
617134.3
617145.3
617146.3
621.101
623.233
624.72
626086.3
626418.3
626887.3
627343.5
627611.3
629258.4
629260.4
629266.7
629270.4
629773.3
630.103
630626.6
632.129
633.53
633699.4
634176.19
634497.12
634500.5
634503.3
634956.3
636.13
63737.11
637381.3
637382.3
637385.3
637386.3
637388.3
637389.3
637616.3
637905.5
637909.5
637910.3
637911.3
639282.3
640513.3
641112.4
644.86
644042.3
644279.4
644548.3
644801.3
645.8
645462.3
645463.3
645663.4
649724.3
649747.3
649757.3
651.4
652611.13
653938.3
654421.3
655225.3
655817.3
656372.3
656374.3
656379.3
656380.3
656383.3
656388.3
656390.3
656393.3
656398.3
656404.3
656405.3
656408.3
656413.3
656417.3
656419.3
656420.3
656421.3
656429.3
656435.3
656437.3
656443.3
656444.3
656449.3
656912.3
656913.3
658080.3
658081.3
658085.3
658087.3
658172.5
658664.3
660596.6
661513.3
663.93
663952.3
663954.3
665027.5
665940.3
665941.3
665944.3
665948.3
665950.3
665953.6
665956.3
665957.3
666.2925
666475.3
667121.5
667127.8
667128.3
668.76
668336.12
669.44
669261.3
669262.3
670.821
670484.3
670888.3
670890.3
670892.3
670893.4
670894.3
670896.3
670897.3
670898.3
670899.3
670903.3
670904.4
670905.8
671074.4
671076.4
672.153
67263.19
673189.4
673198.4
673265.4
673266.4
673519.3
674977.3
675806.3
675807.3
675808.3
675814.3
675815.3
675817.3
67780.7
678.25
67825.18
679188.3
679189.3
679190.3
679191.3
679198.3
679202.3
679204.3
679205.4
679206.4
679207.4
680.56
680649.3
681288.4
682148.3
682181.3
683837.3
685035.3
685038.3
685039.3
685040.3
686340.3
686578.3
686660.3
687860.3
687914.3
687915.3
687916.3
688270.3
690598.6
691.32
691158.5
691159.5
691160.5
691161.5
691337.3
69218.7
692420.6
693444.3
693748.4
693750.4
693970.3
693972.3
695560.3
696406.3
696748.4
696749.3
696864.3
696867.3
696869.3
696870.3
697283.3
697871.4
698738.3
698760.3
699033.6
699034.5
699035.5
699036.5
699037.5
700597.3
701177.3
701347.4
702430.3
702434.4
702443.3
702444.3
702976.3
702978.3
702979.3
702980.4
702982.3
702985.3
706191.3
706434.3
707232.3
70775.3
710094.4
710095.4
710096.4
712898.16
714.45
71421.8
714359.3
714962.3
715225.3
715451.3
716541.4
717774.3
718220.3
718222.3
718223.3
718251.5
718274.8
722419.3
72407.80
727.548
738.54
740709.3
741091.4
741093.3
742013.3
742733.3
742739.3
742740.3
742741.3
742767.5
743719.3
743720.3
743972.3
744979.4
744980.3
744985.3
745014.4
745015.3
745017.4
745018.3
745019.4
745020.4
745021.4
745023.16
745277.7
74547.5
746361.3
747.136
748224.3
748280.3
749388.3
749493.3
749508.3
749510.3
749518.3
749527.3
749528.3
749529.3
749530.3
749531.3
749532.3
749533.3
749535.4
749536.3
749537.3
749538.3
749539.3
749540.3
749541.3
749542.3
749544.3
749545.3
749546.3
749547.3
749548.3
749549.3
749550.3
749947.3
749948.3
749949.3
749950.3
749951.3
749960.3
749962.3
749964.3
749965.3
752783.3
752784.3
752785.3
752786.3
752787.3
752788.3
752789.3
752790.3
754025.3
754026.3
754077.4
754078.3
754079.3
754080.3
754081.3
754082.3
754083.3
754084.3
754085.3
754086.3
754087.3
754088.3
754089.3
754090.3
754091.3
754092.3
754093.3
754255.3
754258.3
754259.3
754327.3
754330.3
754331.3
754332.3
754333.3
754409.6
754476.3
754477.3
754504.4
754505.3
754506.3
754507.3
755862.4
755863.4
755864.5
755867.4
755868.5
755872.3
755873.3
755875.4
755877.4
755879.3
755883.4
755887.3
755888.3
755889.5
755891.4
755893.4
755896.3
755913.4
755922.5
755924.4
755928.4
755929.4
755932.4
755938.4
755943.4
755945.4
755948.4
755950.4
755957.4
755959.3
755970.3
756012.3
758828.3
758829.3
758830.3
758831.4
758832.3
75985.92
760742.3
760743.3
760744.3
760745.3
760749.3
760764.3
760772.3
760776.3
760777.3
760780.3
760781.3
760790.3
760793.3
760804.3
760808.3
760811.3
760812.3
760826.3
760829.3
760834.3
760839.3
760845.3
760854.3
760856.3
760877.3
760879.3
760886.3
760887.3
762569.4
762570.4
762903.4
762962.3
762965.3
762968.3
762982.3
762984.3
763919.3
763920.3
763922.3
764299.3
764544.3
76594.4
766138.3
766139.3
766140.3
766141.3
766142.3
766143.3
766145.3
766146.3
766147.3
766148.3
766149.3
766150.3
766151.3
766152.3
766153.3
766155.3
766157.3
766158.3
766159.3
766160.3
766161.3
766162.3
766163.3
766164.3
766166.3
766499.3
766729.3
766760.3
766761.3
766762.3
767453.3
76759.14
768066.3
768486.3
768490.3
768491.12
768492.3
768493.3
768727.3
768728.4
77097.4
77608.3
788929.3
789332.3
789642.3
789643.3
789644.3
789645.3
789647.3
791166.14
795665.3
796392.4
796620.3
796730.3
796731.3
796732.3
796733.3
796734.3
796736.3
796937.3
797473.3
797515.3
797516.3
798130.4
79879.3
79882.3
80854.10
80866.9
817.95
823.7
82380.11
82789.3
83333.111
83334.202
83554.70
83555.7
83964.9
84588.4
851.72
85569.92
856854.3
85698.62
857124.3
857127.3
857293.11
857574.3
857578.3
857579.3
857581.3
858305.3
858306.3
858307.3
858308.3
858309.3
858310.3
858311.3
858312.3
858315.3
858316.4
858317.4
858318.3
859197.3
859198.4
859199.4
859653.3
859655.3
859656.5
86029.6
861109.3
861208.3
861454.3
861455.3
861530.3
862964.3
862965.3
863368.3
863369.3
864566.3
864568.3
866344.4
866345.4
866346.4
86662.41
866630.3
866771.4
866778.4
866909.3
866913.3
866914.3
866915.3
868133.3
868134.3
868135.3
868136.3
868137.3
868138.3
868139.3
868140.3
868141.3
868142.3
868143.3
868144.3
868145.3
868146.3
868147.3
868148.3
868149.3
868150.3
868151.3
868152.3
868153.3
868154.3
868155.3
868156.3
868157.3
868158.3
868159.3
868160.3
868161.3
868162.3
868163.3
868164.3
868165.3
868166.3
868167.3
868168.3
868169.3
868170.3
868171.3
868172.3
868173.3
868174.3
868175.3
868176.3
868177.3
868178.3
868179.3
868180.3
868181.3
868182.3
868183.3
868184.3
868185.3
868186.3
868187.3
868188.3
868189.3
868190.3
868191.3
868192.3
868193.3
868194.3
868195.3
868196.3
868197.3
868198.3
868199.3
868200.3
868202.3
868203.3
868204.3
868206.3
868207.3
868208.3
868209.3
868210.3
869213.4
869215.3
869304.3
869305.3
869306.4
869307.4
869308.3
869313.3
869669.4
869670.4
869671.4
869672.4
869673.3
869675.4
869676.4
869677.4
869678.4
869679.4
869680.4
869681.4
869682.4
869683.4
869684.5
869686.4
869687.5
869688.5
869689.4
869690.4
869691.4
869692.4
869693.5
869694.4
869695.4
869728.5
869729.3
869816.3
870967.3
870968.3
871586.3
871587.3
871588.3
871589.3
871590.3
871591.3
871592.3
871593.3
873127.3
873447.3
873448.3
875329.4
875454.4
876044.3
876138.4
877414.3
877468.3
878320.4
879298.3
879299.3
879302.3
880592.5
882.5
882020.3
882096.3
882211.3
882800.3
882860.3
882862.3
882863.4
882864.4
882865.3
882866.3
882867.3
882868.3
882869.3
883.4
883064.3
883077.3
883081.3
883092.3
883100.3
883101.3
883112.3
883114.3
883118.3
883121.3
883125.3
883155.3
883165.3
883168.3
884204.6
885275.3
885276.3
886886.3
886888.3
886889.3
886890.3
887068.3
887280.3
887281.3
887282.3
887283.3
887284.3
887285.3
887286.3
887287.3
887288.3
887289.3
887290.3
887291.3
887292.3
887293.3
887294.3
887295.3
887296.3
887297.3
887298.3
887299.3
887300.3
887301.3
887302.3
887303.3
887304.3
887305.3
887306.3
887307.3
887308.3
887309.3
887310.3
887311.3
887312.3
887313.3
887314.3
887315.3
887316.3
887317.3
887318.3
887319.3
887320.3
887321.3
887324.3
888055.3
888057.3
888063.8
888439.3
888728.3
888743.3
888828.3
889205.3
889216.3
889223.3
889224.3
889226.3
889227.3
889229.3
889230.3
889231.3
889236.3
889237.3
889238.3
889244.3
889249.3
889250.3
889252.3
889253.3
889254.3
889738.3
891420.3
891421.4
891422.4
891423.4
891974.4
903507.3
90370.999
90371.922
903892.3
903894.3
903896.3
903899.3
903900.3
903901.3
903903.3
903905.3
903906.3
903907.3
903910.3
903911.3
903912.3
903913.3
903914.3
903915.3
903916.3
903917.3
903918.3
903919.3
903920.3
903921.3
903922.3
903923.3
903924.3
903926.3
903927.3
903928.3
903929.3
903930.3
903931.3
903932.3
903933.3
903934.3
903935.3
903936.3
903937.3
903945.3
904143.3
904317.3
904320.3
904321.3
904324.3
904325.3
904334.4
904335.3
904336.3
904340.3
904342.3
904347.3
904723.3
904724.3
904725.3
904726.3
904728.3
904729.3
904731.3
904732.3
904735.3
904738.3
904739.3
904743.3
904745.3
904746.3
904749.3
904750.3
904753.3
904754.3
904759.3
904760.3
904767.3
904768.3
904771.3
904772.3
904773.3
904774.3
904775.3
904776.3
904777.3
904778.3
904779.3
904780.3
904781.3
904782.3
904783.3
904784.3
904785.3
904786.3
904787.3
904789.3
904792.3
904795.7
906888.9
907238.3
907240.3
907489.3
907492.3
90813.3
908247.3
908339.3
908340.3
909209.3
909420.4
909421.4
909945.3
909946.3
909954.3
910238.3
910314.3
910348.4
911125.6
911132.5
911238.3
911239.4
911241.4
913069.3
913072.3
913080.3
913083.3
913087.3
913088.3
913089.3
913090.3
913091.3
913242.3
913337.3
913847.4
913865.3
914127.3
914129.3
914130.3
914131.3
914133.3
914134.3
914135.3
914136.3
914139.3
914141.3
914142.3
914143.3
914144.3
914145.3
914148.3
914149.18
91464.3
915059.3
925768.13
925769.13
925775.5
925776.3
925777.8
926026.3
926027.10
926028.3
926029.3
926030.3
926032.3
926551.3
926571.7
92706.3
927193.3
927704.6
928328.3
929505.3
929506.3
929507.3
929508.3
929793.3
930169.3
930170.3
93058.3
93061.5
93062.19
930770.3
930772.3
930774.3
930775.3
930776.3
930777.3
930778.3
930779.3
930944.6
930946.7
931276.5
931432.3
931433.3
931434.3
931435.3
931436.3
931437.3
931438.3
931439.3
931440.3
931441.3
931442.3
931443.3
931445.3
931446.3
931447.3
931448.3
931449.3
931450.3
931451.3
931452.3
931453.3
931456.3
931458.3
931459.3
932213.3
932676.3
932920.3
933263.3
933264.3
933265.3
933266.3
933280.4
933290.4
933356.3
935198.13
935296.3
935543.3
935558.3
935592.3
935594.3
935597.3
935598.3
935700.4
935702.3
935705.3
935897.3
936047.3
936153.3
936157.8
936375.3
936381.3
936554.3
936565.3
936572.3
936573.3
937772.3
938141.3
938142.3
939296.3
940265.4
940282.3
940283.3
940284.3
940285.3
940286.3
941187.3
941188.3
941190.3
941193.4
941258.4
941322.6
941429.3
941435.3
943936.3
945360.3
945433.3
945434.3
945541.3
945681.4
945689.3
946034.3
947557.3
948561.3
948563.3
948565.3
953739.5
95486.53
95606.3
95607.3
95617.3
959.16
96345.75
96563.4
96901.3
97139.3
979199.3
979201.3
979203.3
979207.3
979221.3
979222.3
980518.3
981224.3
981324.3
981325.3
981327.3
981329.3
981331.5
981332.3
981333.9
981334.4
981367.3
981384.3
98360.51
983918.3
983920.7
984211.3
984212.3
984213.3
984214.3
984215.3
984216.3
984219.3
984221.3
984228.3
984231.3
984233.3
984235.3
984236.3
984237.3
984240.3
984241.3
984242.3
984254.3
985008.3
985010.3
985054.3
985076.4
985077.3
985079.5
986075.3
987060.4
989499.3
990268.3
990282.4
990285.3
990314.3
990315.4
991905.3
991923.3
991924.3
991925.3
991926.3
991927.3
991928.3
991929.3
991930.6
991931.4
991932.3
991933.6
991934.4
991935.7
991936.4
991937.4
991938.6
991940.3
991942.6
991943.3
991944.3
991947.6
991948.6
991949.3
991950.4
991951.3
991952.4
991953.4
991954.4
991955.4
991956.4
991957.4
991958.3
991959.6
991960.3
991961.6
991962.3
991963.3
991965.6
991966.4
991967.3
991968.3
991969.3
991970.3
991971.3
991972.3
991973.3
991974.3
991975.3
991976.3
991977.3
991978.3
991980.4
991981.4
991982.4
991983.4
991984.6
991985.4
991987.3
991988.4
991989.6
991990.3
991991.3
991992.3
991993.3
991994.3
991995.3
991996.3
991997.6
991998.7
992003.3
992004.3
992005.3
992006.3
992007.3
992008.3
992009.4
992010.3
992012.3
992024.3
992075.3
992084.3
992102.3
992103.3
992106.3
992111.3
992112.3
992127.3
992128.3
992129.3
992130.3
992131.3
992132.3
992133.3
992134.3
992135.3
992136.3
992137.3
992138.3
992139.3
992140.3
992141.3
992142.3
992143.3
992144.3
992145.3
992146.3
992147.3
992148.3
992149.3
992150.3
992151.3
992152.3
992153.3
992154.3
992155.3
992156.3
992157.3
992158.3
992159.3
992160.3
992161.3
992162.3
992163.3
992164.3
992165.3
992167.3
992168.3
992169.3
992170.3
992171.3
992172.3
992173.3
992174.3
992175.3
992176.3
992177.3
992178.3
992179.3
992180.3
992181.3
992182.3
992183.3
992184.3
992185.3
992402.3
992403.3
992404.3
992405.3
99287.12
993513.3
994476.3
994573.3
996.28
996285.3
996306.3
996803.3
996805.3
996808.3
996809.3
997328.3
997330.3
997332.3
997334.3
997335.3
997336.3
997337.3
997338.3
997339.3
997340.3
997341.3
997342.3
997344.3
997824.3
997825.3
997827.4
997828.4
997830.4
997873.3
997874.3
997877.3
997886.3
997888.3
997891.3
998087.5
998820.3
999378.3
999424.3
999425.3
999543.3
999544.3
999547.5
999552.6
999629.3
