100226
1002366
1002369
1004951
1004952
1005041
1005058
1007656
1009714
102608
1028802
1028803
1028804
1028805
1032488
1035116
1035117
1035188
1035194
1035377
1035839
1037409
103796
1038844
1038927
1045010
1046596
1046629
1048208
1048254
1048765
1049565
1051646
1051653
1051656
1051661
1073999
1074454
1075089
1078035
108619
1088721
1088888
1089444
1089447
1090930
1094508
1094556
1095746
109790
1115511
1115821
1115830
1115998
1116057
1116066
1116119
1116138
1117322
1121015
1121028
1121098
1121108
1121114
1121308
1121342
1121864
1121910
1122180
1122247
1122936
1123016
1123284
1123366
1123367
1123494
1124926
1124984
1124985
1124986
1124987
1124988
1124989
1125725
1126888
1126889
1126891
1126892
1126896
1126897
1126898
1126899
1126900
1126901
1126903
1126904
1126905
1126906
1126907
1126909
1126911
1126912
1126913
1126915
1126917
1126918
1126919
1126921
1126923
1126925
1126926
1126927
1126928
1126929
1126931
1126933
1126934
1126935
1126936
1127123
1127124
1127125
1130798
1134453
1136137
1136163
1139219
1140002
1151255
1151257
1151264
1151269
1151278
1151280
1151281
1151287
1151298
1151301
1151303
1151305
1151328
1151331
1151333
1151343
1151344
1151352
1151356
1151363
1151372
1151384
1151388
1151394
1151414
1151435
1154758
115711
1158598
1158600
1158602
1158610
1158622
1158637
1158653
1160283
1163395
1167009
1167010
1169205
1169254
1169282
1169304
1169316
1169320
1169323
1169324
1169325
1169341
1169391
1169664
1172203
1178537
1181734
1181745
1181747
1181748
1181776
1182657
1182665
1182666
1182670
1182672
1182683
1182711
1182712
1182722
1182733
1182738
1183378
1183379
1183380
1188257
1191460
1192560
119602
1201032
1201292
1214166
1215063
1215065
1215068
1215071
1215072
1215073
1215086
1215087
1218315
1219
1219013
1219061
1219067
1219076
1219077
1219375
1220595
1223501
1224139
1224140
1224142
1224742
1224744
1225780
1225781
1225786
1227812
1229202
1229493
1232193
1232196
1234142
1234597
1236522
1236524
1236974
1240385
1241935
1242865
1244528
1245
1247
1248823
1248902
1248903
1248915
1255374
1261556
1262449
1263864
1263871
1268061
1268668
1273173
1273540
1274374
1275968
1279007
127906
1280
1280956
1280962
1280975
1280978
1280982
1280985
1280994
1280997
1280999
1281006
1281014
1281015
1281024
1281029
1281032
1281043
1281053
1281054
1281055
1281057
1281063
1281065
1281070
1281077
1281082
1281089
1281090
1281091
1281092
1281093
1281094
1281101
1281109
1281119
1281121
1281123
1281126
1281137
1281143
1281145
1281146
1281175
1281176
1281181
1281199
1281202
1281203
1281208
1281209
1281217
1281220
1281222
1281226
1281238
1281265
1282
1282357
1282358
1283
1283285
1283293
1286170
1286343
1286350
1287066
1288
1288294
1288295
1288296
1290
1290392
1290393
1290996
1293289
1294138
1294139
1294141
1295140
1298599
1302
1303
1305598
1305731
1307
1308
1309
1310158
1310162
1311
1313
1314
1314835
1315312
1315313
1315314
1316923
1316935
1317130
1320322
1321939
1322345
1322346
1324967
1327986
1328367
1328369
1328377
1328379
1328381
1328383
1328386
1328387
1328389
1328398
1328399
1328400
1328401
1328402
1328403
1328404
1328406
1328407
1328409
1328410
1328411
1328412
1328413
1328414
1328421
1328423
1328433
1328434
1328436
1328437
1328438
1328440
1328441
1328442
1328443
1328444
1328446
1328447
1328859
1329811
1329814
1329818
1329819
1329832
1329835
1329839
1329846
1329854
1334187
1336
1336752
1337997
1339240
1339265
1341683
1343071
1343836
1348
1348393
1348582
1348583
1348584
1348585
1350466
1350470
1351
1352
1352943
1353980
1357994
1358
1358410
1359
1360
1363
1365653
1365654
1365655
1365656
1365657
1365659
1365660
1365661
1367443
13689
1370107
137591
1381117
1387197
1389423
1389424
1390076
1390078
1390081
1390084
1391486
1391487
1391497
1392
1396
1397108
1399771
1399772
1400147
1400148
1400156
1400157
1400158
1400159
1400160
1400161
1400162
1400172
1400175
1400177
1400178
1400180
1400181
1400182
1400184
1400185
1401259
1401327
1402135
1402501
1402532
1402536
1402537
1402580
1402680
1403329
1403330
1404
1406857
1407059
1408
1408178
1408271
1408273
1408274
1408275
1408276
1408277
1409
1411645
1411692
1411693
1411695
1411696
1411697
1412816
1412817
1412818
1412819
1412820
1412821
1412822
1412823
1412824
1412825
1412826
1412827
1412828
1412831
1412836
1412838
1412896
1412897
1417985
1418245
1420012
1423
1423144
1423780
1424337
1428
1430
1432548
1432549
1432551
1432555
1432559
1433131
1434110
1437068
1437818
1437838
1437872
1438668
1438670
1438671
1438672
1438673
1438674
1438675
1438676
1438677
1438679
1438680
1438682
1438683
1438684
1438686
1438687
1438688
1438689
1438695
1438697
1438699
1438701
1438703
1438705
1438708
1438709
1438711
1438712
1438713
1438714
1438717
1438718
1438720
1438723
1438724
1438725
1438726
1438728
1438729
1438731
1438732
1438733
1438734
1438735
1438736
1438737
1438738
1438739
1438740
1438742
1438743
1438744
1438745
1438746
1438747
1438750
1438751
1438752
1438755
1438756
1438757
1438758
1438759
1438760
1438762
1438763
1438764
1438765
1438766
1438767
1438768
1438769
1438770
1438771
1438773
1438774
1438775
1438776
1438777
1438778
1438780
1438781
1438782
1438784
1438790
1438794
1438796
1438802
1438806
1438810
1438988
1438995
1438999
1439000
1439001
1439006
1439008
1439010
1439014
1439015
1439026
1439027
1439048
1439055
1439057
1439066
1439067
1439071
1439072
1439073
1439076
1439077
1439079
1439080
1439090
1439091
1439106
1439111
1439115
1439118
1439139
1439141
1439146
1439147
1439153
1439159
1439162
1439169
1439170
1439176
1439183
1439185
1439193
1439205
1439207
1439208
1439225
1439236
1439243
1439246
1439271
1439273
1439276
1439288
1439294
1439299
1439309
1439310
1439314
1439324
1440052
1440056
1441608
1443109
1443123
1444036
1444037
1444038
1444039
1444040
1444041
1444042
1444044
1444047
1444048
1444049
1444050
1444051
1444054
1444055
1444056
1444057
1444058
1444061
1444062
1444063
1444064
1444065
1444067
1444068
1444070
1444071
1444073
1444076
1444077
1444078
1444079
1444080
1444081
1444082
1444083
1444085
1444086
1444087
1444089
1444090
1444091
1444092
1444096
1444098
1444100
1444101
1444102
1444104
1444105
1444106
1444107
1444108
1444110
1444111
1444112
1444114
1444115
1444116
1444117
1444120
1444121
1444123
1444126
1444127
1444128
1444129
1444130
1444131
1444132
1444133
1444134
1444135
1444136
1444138
1444139
1444140
1444142
1444143
1444144
1444145
1444146
1444147
1444148
1444150
1444151
1444152
1444153
1444155
1444156
1444157
1444158
1444159
1444160
1444162
1444163
1444164
1444165
1444166
1444167
1444170
1444172
1444173
1444174
1444175
1444176
1444178
1444179
1444181
1444183
1444184
1444186
1444187
1444188
1444189
1444191
1444192
1444197
1444198
1444199
1444200
1444202
1444204
1444205
1444206
1444207
1444208
1444209
1444210
1444211
1444212
1444215
1444216
1444217
1444218
1444219
1444223
1444228
1444234
1444235
1444236
1444237
1444238
1444239
1444240
1444242
1444243
1444244
1444245
1444246
1444248
1444251
1444253
1444254
1444256
1444258
1444261
1444262
1444263
1444264
1444265
1444266
1444267
1444268
1444269
1444271
1444272
1444273
1444274
1444275
1444276
1444277
1444278
1444279
1444280
1444282
1444308
1447534
1447535
1447536
1448140
1449984
1449985
1450513
1450514
1450515
145261
1453472
1455599
1455600
1457187
1457192
1457300
1458265
1461581
1462
1464
1465
1479235
1482
1491
149539
1496
1499683
1502
150340
1509
1513
1519
152480
1537702
155864
155892
1580
1582
1585
1587
158879
1590
1591
1596
1597
1613
161398
1639
1648
1655
166314
1667
167539
171693
1718
1744
1747
1764
1770
1771
1771959
1772
1773
180282
1824
1829
1833
187420
1894
190650
1911
192
1931
195099
196600
197
198214
198215
199310
2055
208964
210
2133
214092
2148
216432
216595
216599
216895
218491
2209
221126
221988
224308
224911
224914
226185
228399
228400
2287
232348
235
2371
243277
246196
246197
246200
260799
262724
262727
262728
265669
269801
271848
272556
272557
272560
272563
272626
272942
273057
273123
2756
28037
28108
28141
28147
28229
28442
28447
28450
286783
287
287752
28901
289380
292
29339
29385
29388
29397
294
29449
29459
29461
29471
29491
29495
29497
29570
300
300269
300852
301
303
305
306254
306263
313624
316
316273
316435
317
319
319705
32022
321956
329
330
331111
331272
335992
338187
339
33903
33959
33966
33967
339671
34
340
340184
340188
34021
34085
345073
345076
347
347834
349746
349966
35743
358
360094
360099
360102
366649
36855
370552
373153
37326
373384
375
375451
37762
377628
378806
381
382
384
387092
393127
393133
398580
40214
40324
405948
410332
412614
413502
417400
420890
423368
428128
42897
43767
439184
441156
441157
441162
441163
444454
451709
456298
457401
45972
46170
46503
469008
469598
470
471
471223
471876
472175
47715
482234
484021
487316
488538
491075
499174
499176
500634
502347
502800
504487
507522
511145
51663
518
521004
52258
523796
525258
525259
525278
525281
525330
525362
526970
526977
527005
527021
528352
536227
537021
54388
544556
54571
546
546265
548
548476
549
550
550542
554
555
555311
55601
556264
559301
561307
562
56449
56460
565644
566546
56730
568766
571
573
573061
573395
575584
576
57975
580
582
584
585535
58712
587753
589873
59201
59202
592027
59204
594
595495
59843
59919
59920
59922
59931
60550
611
615
616
621
623
624
627343
630
630626
632
633
634176
634497
636
637389
644
645
645462
651
654421
655817
656379
656393
656398
656449
656912
663
663954
665953
666
667127
667128
668
668336
669
670
670898
672
67263
67780
678
67825
679198
680
683837
686340
691
691158
691159
691160
691161
69218
696748
699035
699036
699037
702444
70775
714
71421
72407
727
738
742767
743972
745277
74547
747
749493
749508
749510
749518
749528
749544
752789
754090
754093
754507
755896
758831
75985
762569
762570
762965
762984
76594
766139
766147
766148
766157
766729
766760
767453
76759
768486
77097
79879
79882
80854
80866
817
823
82380
83333
83334
83554
83555
83964
851
85569
85698
861208
861455
862965
864566
866344
866345
866346
86662
866909
876138
882096
882211
883064
884204
885275
887281
887282
887285
887287
887290
887292
887294
887295
887296
887298
887299
887302
887303
887304
887305
887307
887308
887311
887315
887324
888057
888063
888828
891974
90370
90371
904335
904342
906888
909420
913088
925775
926027
926571
92706
927193
930946
931276
936153
936157
940265
941322
948565
953739
95486
959
96345
981327
981331
981333
981334
98360
983920
985054
985079
990268
996
997877
999629
1122938
1449788
1564506
1584
24
29442
33013
33968
45888
498388
